0,1,18
0,2,16
0,3,13
0,5,17
0,6,6
0,7,20
0,8,19
0,9,16
0,10,4
0,11,20
0,12,16
0,13,10
0,14,13
0,15,13
0,16,10
0,17,6
0,20,18
0,23,13
0,24,6
0,25,10
0,27,5
0,28,14
0,29,13
0,31,9
0,32,4
0,33,4
0,36,19
0,38,5
0,39,7
0,40,17
0,41,10
0,43,1
0,44,7
0,45,3
0,46,3
0,47,13
0,48,7
0,50,7
0,51,9
0,53,13
0,55,2
0,56,9
0,57,2
0,58,20
0,59,10
0,60,18
0,61,20
0,62,12
0,64,6
0,65,16
0,66,6
0,67,20
0,68,9
0,69,10
0,70,5
0,71,8
0,72,5
0,73,11
0,75,16
0,76,13
0,77,4
0,78,17
0,79,11
0,80,20
0,81,7
0,85,15
0,86,2
0,87,3
0,88,6
0,89,2
0,91,13
0,92,9
0,93,20
0,98,8
0,99,5
0,100,4
0,102,14
0,103,2
0,107,19
0,108,2
0,109,17
0,110,5
0,111,13
0,113,3
0,114,15
0,115,15
0,116,12
0,117,16
0,118,2
0,119,12
0,120,7
0,122,13
0,123,17
0,124,12
0,125,16
0,126,5
0,128,5
0,130,6
0,131,6
0,132,1
0,133,2
0,134,19
0,136,10
0,138,5
0,139,14
0,140,18
0,141,17
0,142,10
0,143,10
0,144,8
0,145,3
0,146,6
0,147,2
0,148,19
0,149,3
0,151,7
0,152,7
0,153,16
0,154,9
0,155,19
0,157,3
0,158,11
0,159,9
1,2,5
1,3,4
1,4,15
1,5,13
1,6,17
1,7,10
1,8,16
1,9,14
1,11,2
1,12,5
1,13,19
1,15,19
1,17,14
1,18,1
1,19,14
1,20,8
1,21,8
1,24,7
1,27,8
1,28,12
1,29,17
1,32,15
1,35,13
1,36,8
1,37,10
1,39,1
1,40,5
1,41,9
1,42,18
1,44,12
1,45,17
1,47,6
1,48,12
1,49,15
1,50,10
1,51,15
1,52,15
1,53,6
1,54,13
1,55,14
1,56,20
1,57,14
1,58,2
1,59,3
1,60,11
1,62,10
1,65,4
1,66,1
1,69,7
1,70,3
1,71,2
1,73,14
1,74,6
1,75,8
1,77,5
1,78,16
1,79,14
1,80,2
1,82,4
1,83,3
1,84,5
1,87,13
1,88,10
1,90,7
1,91,6
1,92,6
1,93,19
1,95,3
1,96,18
1,97,19
1,99,1
1,100,10
1,103,16
1,104,4
1,106,7
1,107,5
1,108,20
1,109,18
1,110,8
1,112,3
1,113,5
1,116,11
1,117,17
1,118,9
1,119,4
1,120,17
1,121,9
1,122,3
1,123,3
1,124,9
1,125,5
1,126,3
1,127,12
1,129,6
1,131,16
1,132,7
1,133,5
1,134,15
1,135,17
1,136,20
1,138,2
1,140,2
1,141,7
1,142,12
1,143,4
1,145,19
1,147,6
1,148,6
1,149,11
1,150,5
1,151,16
1,152,4
1,153,13
1,154,19
1,158,15
1,159,6
2,4,7
2,8,4
2,9,19
2,10,19
2,11,8
2,12,7
2,14,9
2,17,17
2,19,11
2,20,16
2,21,10
2,22,14
2,23,8
2,26,3
2,28,5
2,29,17
2,30,3
2,31,12
2,32,1
2,33,16
2,35,17
2,36,8
2,37,1
2,38,19
2,39,3
2,42,17
2,43,19
2,44,13
2,45,11
2,46,10
2,47,5
2,48,10
2,49,14
2,51,6
2,53,12
2,56,9
2,58,18
2,60,15
2,61,19
2,62,15
2,63,7
2,65,1
2,66,6
2,67,13
2,68,3
2,69,15
2,70,6
2,71,12
2,72,20
2,73,19
2,75,12
2,76,6
2,77,13
2,78,3
2,79,7
2,82,16
2,83,8
2,84,19
2,86,8
2,87,20
2,88,9
2,89,20
2,91,14
2,92,1
2,93,13
2,94,10
2,95,1
2,96,11
2,99,10
2,101,9
2,102,19
2,103,5
2,104,14
2,105,18
2,107,12
2,109,10
2,110,2
2,111,16
2,114,10
2,115,8
2,116,15
2,117,4
2,118,19
2,119,4
2,120,10
2,121,16
2,123,3
2,124,14
2,125,18
2,126,19
2,127,17
2,129,7
2,131,20
2,134,9
2,135,1
2,136,2
2,137,8
2,139,7
2,141,8
2,142,12
2,143,1
2,144,20
2,145,5
2,146,15
2,147,5
2,148,9
2,150,19
2,151,14
2,152,19
2,154,4
2,155,19
2,156,11
2,158,5
3,4,12
3,5,15
3,6,7
3,8,6
3,9,9
3,10,13
3,13,11
3,14,3
3,15,4
3,16,8
3,17,18
3,18,9
3,19,7
3,20,15
3,21,10
3,22,6
3,24,20
3,25,8
3,26,5
3,27,13
3,28,2
3,29,6
3,31,19
3,32,13
3,33,16
3,34,16
3,35,8
3,36,8
3,37,16
3,38,15
3,39,4
3,40,19
3,41,18
3,42,5
3,43,4
3,44,4
3,45,7
3,47,10
3,49,7
3,50,16
3,51,18
3,52,13
3,53,14
3,54,2
3,55,6
3,56,7
3,57,16
3,58,20
3,61,16
3,65,7
3,66,4
3,67,19
3,69,18
3,70,14
3,71,13
3,72,20
3,73,18
3,74,10
3,75,16
3,76,7
3,77,13
3,78,11
3,79,1
3,80,12
3,81,1
3,82,10
3,83,19
3,84,13
3,85,2
3,86,8
3,87,15
3,88,8
3,89,20
3,90,19
3,91,3
3,92,6
3,93,11
3,94,2
3,95,6
3,96,18
3,97,7
3,99,18
3,100,4
3,102,12
3,103,3
3,104,2
3,106,8
3,107,8
3,108,16
3,109,3
3,110,12
3,111,6
3,112,18
3,114,16
3,115,7
3,116,17
3,117,8
3,118,12
3,119,15
3,121,14
3,123,4
3,124,17
3,125,15
3,126,18
3,127,2
3,128,18
3,129,14
3,131,1
3,132,11
3,133,3
3,136,4
3,137,17
3,138,4
3,139,16
3,140,12
3,141,10
3,142,14
3,143,1
3,144,10
3,145,10
3,146,9
3,147,4
3,148,6
3,150,15
3,151,13
3,153,6
3,155,3
3,156,12
3,157,11
3,159,14
4,5,1
4,6,20
4,7,2
4,8,14
4,9,12
4,11,15
4,12,8
4,13,14
4,15,1
4,16,10
4,18,14
4,19,17
4,20,17
4,21,14
4,22,13
4,23,18
4,25,2
4,26,17
4,27,14
4,29,2
4,30,9
4,31,3
4,34,15
4,35,9
4,36,16
4,37,17
4,38,14
4,39,1
4,40,1
4,41,6
4,42,14
4,43,20
4,44,2
4,45,13
4,46,13
4,47,3
4,48,4
4,49,11
4,50,4
4,51,17
4,52,1
4,53,6
4,54,19
4,55,18
4,56,3
4,57,12
4,58,14
4,60,2
4,61,1
4,62,12
4,63,13
4,64,5
4,65,17
4,67,6
4,68,4
4,71,10
4,72,1
4,73,14
4,74,6
4,75,19
4,78,7
4,79,18
4,80,6
4,81,13
4,82,10
4,83,3
4,85,8
4,86,13
4,87,9
4,88,3
4,90,17
4,91,14
4,92,15
4,93,10
4,95,10
4,96,4
4,97,18
4,98,18
4,99,8
4,100,6
4,101,7
4,102,20
4,104,18
4,105,3
4,107,12
4,108,3
4,109,2
4,110,15
4,111,20
4,112,8
4,113,18
4,114,4
4,115,1
4,116,4
4,117,6
4,118,4
4,119,4
4,120,4
4,121,1
4,122,11
4,124,20
4,125,7
4,126,6
4,127,10
4,128,1
4,129,6
4,130,12
4,131,7
4,132,8
4,133,12
4,134,13
4,135,14
4,136,20
4,137,16
4,141,1
4,142,13
4,143,16
4,144,8
4,145,13
4,146,19
4,147,18
4,148,16
4,149,14
4,150,7
4,152,5
4,153,18
4,154,12
4,156,16
4,158,3
4,159,12
5,6,3
5,7,7
5,8,13
5,9,8
5,10,7
5,11,8
5,12,1
5,13,6
5,14,18
5,15,1
5,16,5
5,18,6
5,19,8
5,21,10
5,22,17
5,23,13
5,24,8
5,25,5
5,26,3
5,27,14
5,28,8
5,30,13
5,31,6
5,32,8
5,33,19
5,35,6
5,36,16
5,37,7
5,38,15
5,39,19
5,40,20
5,41,16
5,43,17
5,44,18
5,46,10
5,48,5
5,49,18
5,50,7
5,51,7
5,52,3
5,53,12
5,54,13
5,56,1
5,58,20
5,61,15
5,62,11
5,63,6
5,64,7
5,65,2
5,66,17
5,67,4
5,68,5
5,69,3
5,70,9
5,71,7
5,72,15
5,75,4
5,76,8
5,77,19
5,78,11
5,80,7
5,81,5
5,82,6
5,83,11
5,85,5
5,86,2
5,87,3
5,88,7
5,89,15
5,90,7
5,91,4
5,92,10
5,95,6
5,99,10
5,100,9
5,102,16
5,103,9
5,104,14
5,105,6
5,106,13
5,107,12
5,108,15
5,109,8
5,111,9
5,112,2
5,113,5
5,115,11
5,116,19
5,117,4
5,118,19
5,119,8
5,120,14
5,121,12
5,123,1
5,124,3
5,125,12
5,126,3
5,127,20
5,128,5
5,129,20
5,130,17
5,131,9
5,133,6
5,134,18
5,135,12
5,136,1
5,138,12
5,139,16
5,140,11
5,141,6
5,142,3
5,143,1
5,144,18
5,145,4
5,146,11
5,147,13
5,149,8
5,150,9
5,151,11
5,152,14
5,153,10
5,155,10
5,156,4
5,159,18
6,7,6
6,8,16
6,9,13
6,10,8
6,12,3
6,13,2
6,14,1
6,15,13
6,16,3
6,17,13
6,19,10
6,20,5
6,21,12
6,22,10
6,23,7
6,25,16
6,26,2
6,27,3
6,29,4
6,30,20
6,31,12
6,32,10
6,34,14
6,35,8
6,36,3
6,37,11
6,38,13
6,39,19
6,40,9
6,41,14
6,42,5
6,43,2
6,44,19
6,45,3
6,47,5
6,48,14
6,49,5
6,50,12
6,51,16
6,52,5
6,54,10
6,55,17
6,56,3
6,57,19
6,58,20
6,59,11
6,60,1
6,61,16
6,62,1
6,63,12
6,64,7
6,65,20
6,66,2
6,67,17
6,68,18
6,69,18
6,70,9
6,71,6
6,72,6
6,73,3
6,76,10
6,77,6
6,78,9
6,79,16
6,80,17
6,81,6
6,82,5
6,83,5
6,84,20
6,86,19
6,88,11
6,89,20
6,90,1
6,91,20
6,92,6
6,93,15
6,94,12
6,95,9
6,96,10
6,97,1
6,99,4
6,100,9
6,101,18
6,102,11
6,103,3
6,104,4
6,105,8
6,106,19
6,107,12
6,110,13
6,111,12
6,112,14
6,113,1
6,115,19
6,116,14
6,117,2
6,118,5
6,119,20
6,120,16
6,121,4
6,122,13
6,124,7
6,125,17
6,127,9
6,129,2
6,130,15
6,131,12
6,132,18
6,133,18
6,134,6
6,135,15
6,136,16
6,137,13
6,138,9
6,139,20
6,141,8
6,142,12
6,144,19
6,145,14
6,146,11
6,147,6
6,148,11
6,152,11
6,153,18
6,154,2
6,155,20
6,156,18
6,157,13
6,158,2
6,159,9
7,8,14
7,9,19
7,10,15
7,11,4
7,12,18
7,13,5
7,14,11
7,15,2
7,17,12
7,18,1
7,20,4
7,21,4
7,22,16
7,23,19
7,24,17
7,25,1
7,26,20
7,27,4
7,28,9
7,29,13
7,30,12
7,31,14
7,32,15
7,33,5
7,34,2
7,35,13
7,36,4
7,37,4
7,38,12
7,39,15
7,40,3
7,41,10
7,42,18
7,43,16
7,44,8
7,45,17
7,46,19
7,47,3
7,50,13
7,51,20
7,52,19
7,53,6
7,54,17
7,55,20
7,56,7
7,57,4
7,58,5
7,59,14
7,60,20
7,62,20
7,63,13
7,64,11
7,65,7
7,66,7
7,67,11
7,69,5
7,70,20
7,71,6
7,72,1
7,73,16
7,75,3
7,76,8
7,80,10
7,81,11
7,82,20
7,83,9
7,84,4
7,85,5
7,86,15
7,89,17
7,90,19
7,91,3
7,92,5
7,93,20
7,94,2
7,96,9
7,97,7
7,100,20
7,102,2
7,103,12
7,106,9
7,107,12
7,109,10
7,110,19
7,111,19
7,112,14
7,113,7
7,114,12
7,115,17
7,116,7
7,118,10
7,119,3
7,120,11
7,121,7
7,122,15
7,123,18
7,125,14
7,127,6
7,128,2
7,129,14
7,131,4
7,132,9
7,134,10
7,135,19
7,136,18
7,137,13
7,138,11
7,139,1
7,141,19
7,142,4
7,144,5
7,145,7
7,146,16
7,147,9
7,148,1
7,149,9
7,150,2
7,151,17
7,152,16
7,155,5
7,156,8
7,157,20
7,158,20
7,159,2
8,9,14
8,11,1
8,12,1
8,13,14
8,16,5
8,17,7
8,19,9
8,20,19
8,21,6
8,23,13
8,24,2
8,26,6
8,28,10
8,29,17
8,31,17
8,32,11
8,33,7
8,35,19
8,37,2
8,38,5
8,40,1
8,41,8
8,42,9
8,43,20
8,44,12
8,45,10
8,46,17
8,47,2
8,48,14
8,50,1
8,51,4
8,52,12
8,53,12
8,54,6
8,55,4
8,57,6
8,58,3
8,59,5
8,60,15
8,61,1
8,62,12
8,63,12
8,64,17
8,67,16
8,68,7
8,69,18
8,70,9
8,71,17
8,72,2
8,77,15
8,78,7
8,79,10
8,81,18
8,83,15
8,84,10
8,85,12
8,86,18
8,87,16
8,88,8
8,89,16
8,90,18
8,91,14
8,92,2
8,93,10
8,94,17
8,95,20
8,96,18
8,98,14
8,99,18
8,100,19
8,101,7
8,102,20
8,104,5
8,105,4
8,106,14
8,107,15
8,108,5
8,110,6
8,112,3
8,113,8
8,114,16
8,115,18
8,116,7
8,117,6
8,118,2
8,119,8
8,120,19
8,121,17
8,122,14
8,123,17
8,124,18
8,125,8
8,126,10
8,127,15
8,128,13
8,129,19
8,130,10
8,133,12
8,134,17
8,135,10
8,136,11
8,137,4
8,138,15
8,139,5
8,140,9
8,141,13
8,142,19
8,143,4
8,144,11
8,145,14
8,146,16
8,147,11
8,148,1
8,150,3
8,151,2
8,152,9
8,153,16
8,155,3
8,156,16
8,157,17
8,158,18
8,159,7
9,10,18
9,11,18
9,12,12
9,13,12
9,14,10
9,15,1
9,16,15
9,17,5
9,18,12
9,19,1
9,20,19
9,23,5
9,24,9
9,25,20
9,26,11
9,27,18
9,28,8
9,29,2
9,30,1
9,31,15
9,32,13
9,34,1
9,37,17
9,38,7
9,40,2
9,41,11
9,44,18
9,45,4
9,46,20
9,47,17
9,48,13
9,49,17
9,51,8
9,52,7
9,53,15
9,54,8
9,55,10
9,56,6
9,58,17
9,59,13
9,61,1
9,62,20
9,63,16
9,64,2
9,65,10
9,66,11
9,67,8
9,69,19
9,72,12
9,73,10
9,75,14
9,76,10
9,77,20
9,78,4
9,79,3
9,80,10
9,81,15
9,82,17
9,83,19
9,84,14
9,85,17
9,86,5
9,88,2
9,89,20
9,90,18
9,91,4
9,95,6
9,96,9
9,97,2
9,98,4
9,99,17
9,100,20
9,101,20
9,102,2
9,103,17
9,104,14
9,106,16
9,107,14
9,108,15
9,109,10
9,110,2
9,111,6
9,113,14
9,114,6
9,116,18
9,117,16
9,118,10
9,120,13
9,121,11
9,124,15
9,126,3
9,127,4
9,128,11
9,129,6
9,132,4
9,133,12
9,135,14
9,137,20
9,138,20
9,141,14
9,142,1
9,143,8
9,146,15
9,147,4
9,150,4
9,151,5
9,153,20
9,155,14
9,156,7
9,157,17
9,158,12
9,159,6
10,11,8
10,12,3
10,13,9
10,14,18
10,16,4
10,17,14
10,18,5
10,19,4
10,20,5
10,21,9
10,23,8
10,24,16
10,25,20
10,26,1
10,27,17
10,30,4
10,32,5
10,33,1
10,34,7
10,36,9
10,37,13
10,38,10
10,39,16
10,40,11
10,41,5
10,42,20
10,43,12
10,44,14
10,45,6
10,47,7
10,48,10
10,50,18
10,52,1
10,53,18
10,54,7
10,55,12
10,56,6
10,58,2
10,60,8
10,61,10
10,62,13
10,65,13
10,66,1
10,69,19
10,70,6
10,71,14
10,74,10
10,75,4
10,76,17
10,77,13
10,79,8
10,80,7
10,81,2
10,84,20
10,86,5
10,87,12
10,88,10
10,89,5
10,90,5
10,91,9
10,92,13
10,93,7
10,94,12
10,95,3
10,96,20
10,98,13
10,99,14
10,100,11
10,102,15
10,103,6
10,104,9
10,105,19
10,106,14
10,107,17
10,108,7
10,109,5
10,110,10
10,111,8
10,112,17
10,114,18
10,115,8
10,116,12
10,117,4
10,118,4
10,119,11
10,120,6
10,121,10
10,122,12
10,123,2
10,124,18
10,125,11
10,126,15
10,127,5
10,128,17
10,129,13
10,130,13
10,132,13
10,134,19
10,135,5
10,137,5
10,138,2
10,139,2
10,140,11
10,141,7
10,142,2
10,144,6
10,145,12
10,146,2
10,148,14
10,150,12
10,153,1
10,154,15
10,156,12
10,157,6
10,158,16
10,159,11
11,12,16
11,14,10
11,15,6
11,16,8
11,17,3
11,18,17
11,19,18
11,20,19
11,21,13
11,22,1
11,24,11
11,25,4
11,26,14
11,27,6
11,28,13
11,29,9
11,30,20
11,31,6
11,33,14
11,34,10
11,35,18
11,36,1
11,37,5
11,38,9
11,39,7
11,40,2
11,41,8
11,43,14
11,44,18
11,45,4
11,46,10
11,48,1
11,49,9
11,50,1
11,51,5
11,52,3
11,53,19
11,56,17
11,57,3
11,58,7
11,59,1
11,60,7
11,61,11
11,62,20
11,63,14
11,64,14
11,65,14
11,66,3
11,67,4
11,68,2
11,70,7
11,71,10
11,72,15
11,73,4
11,75,19
11,76,4
11,77,15
11,78,5
11,79,3
11,80,5
11,82,1
11,83,19
11,84,16
11,85,8
11,86,11
11,87,18
11,88,19
11,91,15
11,93,9
11,95,1
11,97,6
11,99,13
11,103,11
11,105,17
11,106,4
11,107,1
11,108,2
11,109,20
11,110,12
11,111,1
11,112,6
11,113,12
11,114,15
11,115,10
11,118,19
11,119,16
11,120,16
11,121,11
11,122,16
11,123,19
11,124,19
11,126,16
11,127,6
11,129,4
11,133,8
11,136,2
11,137,16
11,138,8
11,139,8
11,141,16
11,142,19
11,144,16
11,145,10
11,146,2
11,147,9
11,148,20
11,149,10
11,150,11
11,151,4
11,152,16
11,153,18
11,154,8
11,155,19
11,158,2
11,159,5
12,13,2
12,14,17
12,15,5
12,16,20
12,17,4
12,20,19
12,21,19
12,22,7
12,23,7
12,24,7
12,25,17
12,26,15
12,27,8
12,28,10
12,29,16
12,30,15
12,31,12
12,32,2
12,33,16
12,34,11
12,35,4
12,36,13
12,37,14
12,39,17
12,40,4
12,41,1
12,43,17
12,44,1
12,45,7
12,46,9
12,48,8
12,50,10
12,51,7
12,53,2
12,54,18
12,55,10
12,56,2
12,57,6
12,60,2
12,61,15
12,62,10
12,64,15
12,65,7
12,66,1
12,67,8
12,68,3
12,69,14
12,70,13
12,71,1
12,72,1
12,73,15
12,74,8
12,75,15
12,76,15
12,77,5
12,78,9
12,79,18
12,80,13
12,81,6
12,83,7
12,84,10
12,85,18
12,86,20
12,87,13
12,88,11
12,89,6
12,93,12
12,94,8
12,95,5
12,96,2
12,97,4
12,98,12
12,99,18
12,100,8
12,101,3
12,102,19
12,103,8
12,104,6
12,105,20
12,106,14
12,107,14
12,108,8
12,110,6
12,112,14
12,113,8
12,114,7
12,115,8
12,116,4
12,117,16
12,119,13
12,120,11
12,123,7
12,124,15
12,125,14
12,126,5
12,127,13
12,128,4
12,129,4
12,130,9
12,131,10
12,133,15
12,134,20
12,135,14
12,136,20
12,137,11
12,138,2
12,139,10
12,140,7
12,141,9
12,143,1
12,144,13
12,146,8
12,148,8
12,149,9
12,150,19
12,151,1
12,152,13
12,153,17
12,154,16
12,155,16
12,156,1
12,157,11
12,158,2
12,159,4
13,14,10
13,15,5
13,16,19
13,17,2
13,18,13
13,19,19
13,20,7
13,21,18
13,22,8
13,25,10
13,26,16
13,28,7
13,29,17
13,30,19
13,31,7
13,32,14
13,33,2
13,34,18
13,35,14
13,36,19
13,37,12
13,38,14
13,41,9
13,42,17
13,43,10
13,44,14
13,45,16
13,46,10
13,47,18
13,48,12
13,50,16
13,51,10
13,57,19
13,58,19
13,59,10
13,61,12
13,62,15
13,64,3
13,65,17
13,66,12
13,68,15
13,70,17
13,71,13
13,72,2
13,73,9
13,74,13
13,79,11
13,80,7
13,82,9
13,85,6
13,86,11
13,88,9
13,89,9
13,90,16
13,91,8
13,92,17
13,93,6
13,94,7
13,95,19
13,96,6
13,97,1
13,98,11
13,100,7
13,101,6
13,102,6
13,103,16
13,104,10
13,105,6
13,106,18
13,107,17
13,108,3
13,109,18
13,110,20
13,111,1
13,112,6
13,114,19
13,115,18
13,116,3
13,118,13
13,119,20
13,120,20
13,121,14
13,122,14
13,123,9
13,124,16
13,126,4
13,127,19
13,130,5
13,131,11
13,132,9
13,134,20
13,136,3
13,137,20
13,139,20
13,140,1
13,141,19
13,142,13
13,143,5
13,145,3
13,146,9
13,147,4
13,149,4
13,150,5
13,151,3
13,152,1
13,153,14
13,154,9
13,155,5
13,156,5
13,157,2
13,158,14
13,159,5
14,17,14
14,18,7
14,19,19
14,21,3
14,22,16
14,24,19
14,25,7
14,26,1
14,27,18
14,28,17
14,29,1
14,30,10
14,31,13
14,32,8
14,33,5
14,34,18
14,35,4
14,36,1
14,38,9
14,42,18
14,43,2
14,44,15
14,45,7
14,47,20
14,48,3
14,49,4
14,50,16
14,52,7
14,53,12
14,54,6
14,55,15
14,56,15
14,57,11
14,58,20
14,59,20
14,60,12
14,63,17
14,64,5
14,65,14
14,66,7
14,67,4
14,68,13
14,69,3
14,70,18
14,71,18
14,72,9
14,73,20
14,76,16
14,77,2
14,78,13
14,80,7
14,81,17
14,82,5
14,83,15
14,84,6
14,85,2
14,86,6
14,87,14
14,88,2
14,89,19
14,92,12
14,93,2
14,94,10
14,95,19
14,96,19
14,97,9
14,98,17
14,100,11
14,101,20
14,102,19
14,103,7
14,104,13
14,105,3
14,106,3
14,107,1
14,108,12
14,109,17
14,110,6
14,111,6
14,112,8
14,113,16
14,114,19
14,116,16
14,117,5
14,118,1
14,119,12
14,120,17
14,121,2
14,122,8
14,123,14
14,124,19
14,125,3
14,126,6
14,127,17
14,128,13
14,129,13
14,130,16
14,131,7
14,132,1
14,134,7
14,136,4
14,137,12
14,139,12
14,140,15
14,141,16
14,142,15
14,143,18
14,144,2
14,145,10
14,146,7
14,147,13
14,148,2
14,150,14
14,151,13
14,152,8
14,153,14
14,154,5
14,155,1
14,156,16
14,157,17
14,158,10
14,159,15
15,16,5
15,17,4
15,18,14
15,19,7
15,20,7
15,21,18
15,22,18
15,24,9
15,25,16
15,26,1
15,27,4
15,28,14
15,30,10
15,31,1
15,32,2
15,33,2
15,34,14
15,35,5
15,36,12
15,37,14
15,38,11
15,42,3
15,43,6
15,44,11
15,45,20
15,46,8
15,48,11
15,49,15
15,50,11
15,51,8
15,53,10
15,54,6
15,55,15
15,56,3
15,57,7
15,58,8
15,59,3
15,60,19
15,62,8
15,63,2
15,64,11
15,65,9
15,66,10
15,67,13
15,68,14
15,69,18
15,70,2
15,71,2
15,73,6
15,74,7
15,76,3
15,77,1
15,78,1
15,79,17
15,80,8
15,82,12
15,83,4
15,84,12
15,85,8
15,86,2
15,87,14
15,88,7
15,89,1
15,90,14
15,91,16
15,92,18
15,93,5
15,94,5
15,97,17
15,98,3
15,99,1
15,100,7
15,101,18
15,102,13
15,103,4
15,104,13
15,105,11
15,106,14
15,107,2
15,108,15
15,109,19
15,110,20
15,111,3
15,113,2
15,114,11
15,115,18
15,116,15
15,118,20
15,119,4
15,120,14
15,121,2
15,122,18
15,124,8
15,125,3
15,126,1
15,127,20
15,128,20
15,130,18
15,131,10
15,132,12
15,133,16
15,134,1
15,135,18
15,137,19
15,138,8
15,139,14
15,140,14
15,141,14
15,142,14
15,143,16
15,145,19
15,146,20
15,148,8
15,150,7
15,151,17
15,152,10
15,153,6
15,154,10
15,155,9
15,156,17
15,157,18
15,159,12
16,17,18
16,18,5
16,19,6
16,21,8
16,22,9
16,23,16
16,24,11
16,25,4
16,26,9
16,27,11
16,29,12
16,30,5
16,31,8
16,32,4
16,34,2
16,35,1
16,36,10
16,37,2
16,38,18
16,39,1
16,40,20
16,41,5
16,42,18
16,43,10
16,44,17
16,45,8
16,47,15
16,48,17
16,50,12
16,51,15
16,52,3
16,53,8
16,54,8
16,55,9
16,56,2
16,57,18
16,58,1
16,59,7
16,61,2
16,62,19
16,63,12
16,65,12
16,66,4
16,67,20
16,68,6
16,69,2
16,70,16
16,71,12
16,72,9
16,73,2
16,74,14
16,75,15
16,77,17
16,78,5
16,79,20
16,80,13
16,81,4
16,82,13
16,83,19
16,84,15
16,85,2
16,86,4
16,87,6
16,89,7
16,91,15
16,92,20
16,93,9
16,94,16
16,95,5
16,96,1
16,97,8
16,98,13
16,99,10
16,100,20
16,101,5
16,102,14
16,104,1
16,105,19
16,106,12
16,107,15
16,108,14
16,109,3
16,111,5
16,112,1
16,113,11
16,115,11
16,117,13
16,118,7
16,119,12
16,120,15
16,121,11
16,122,5
16,123,13
16,124,11
16,125,1
16,126,12
16,127,14
16,128,5
16,131,7
16,132,9
16,133,1
16,136,19
16,137,5
16,138,14
16,139,5
16,141,14
16,142,8
16,143,1
16,144,20
16,145,9
16,147,18
16,148,2
16,149,2
16,150,8
16,151,4
16,152,9
16,153,20
16,154,20
16,155,9
16,156,1
16,159,5
17,18,14
17,19,14
17,20,12
17,21,8
17,23,6
17,24,12
17,25,15
17,26,11
17,28,7
17,29,6
17,30,1
17,32,18
17,33,3
17,34,17
17,35,18
17,36,14
17,37,16
17,38,4
17,39,9
17,40,8
17,41,7
17,42,17
17,43,3
17,44,17
17,45,1
17,46,8
17,49,4
17,50,12
17,51,2
17,52,12
17,53,19
17,54,2
17,55,17
17,56,9
17,57,7
17,58,6
17,59,12
17,60,17
17,61,10
17,62,19
17,64,4
17,65,2
17,66,19
17,67,4
17,69,20
17,70,3
17,71,11
17,72,5
17,80,6
17,83,5
17,85,20
17,87,19
17,89,8
17,90,19
17,92,16
17,93,5
17,94,6
17,95,2
17,96,12
17,97,3
17,98,9
17,99,7
17,100,7
17,101,5
17,102,18
17,103,20
17,104,8
17,105,3
17,106,13
17,107,18
17,108,13
17,109,17
17,111,16
17,112,7
17,113,14
17,114,19
17,115,19
17,116,4
17,117,1
17,118,18
17,119,3
17,120,19
17,121,10
17,122,12
17,123,3
17,124,10
17,125,12
17,126,13
17,127,18
17,128,16
17,129,9
17,130,19
17,131,14
17,132,17
17,133,20
17,135,3
17,136,10
17,138,5
17,139,8
17,140,17
17,141,1
17,142,13
17,143,6
17,144,19
17,145,8
17,146,2
17,147,4
17,148,10
17,150,20
17,152,19
17,153,15
17,154,2
17,155,6
17,157,19
17,158,3
17,159,16
18,19,16
18,21,17
18,22,7
18,24,13
18,28,14
18,30,18
18,32,2
18,33,5
18,34,14
18,35,17
18,36,9
18,37,16
18,38,9
18,42,8
18,43,18
18,44,15
18,45,17
18,46,10
18,48,8
18,49,11
18,50,16
18,51,3
18,52,5
18,54,19
18,57,9
18,58,15
18,59,5
18,60,15
18,61,10
18,62,14
18,63,9
18,64,8
18,65,6
18,66,8
18,67,16
18,69,7
18,70,15
18,71,11
18,73,10
18,75,6
18,76,1
18,77,14
18,78,8
18,79,16
18,80,5
18,81,10
18,82,18
18,83,9
18,86,6
18,87,7
18,88,2
18,89,1
18,90,17
18,91,8
18,93,10
18,94,4
18,95,19
18,96,8
18,97,17
18,98,6
18,99,1
18,100,10
18,101,2
18,102,11
18,104,19
18,105,20
18,106,18
18,107,20
18,108,10
18,109,12
18,110,15
18,111,10
18,113,19
18,114,8
18,115,16
18,116,20
18,117,12
18,118,14
18,120,12
18,123,18
18,124,7
18,125,9
18,126,16
18,127,9
18,130,18
18,131,14
18,132,4
18,133,15
18,134,8
18,135,2
18,136,9
18,137,17
18,138,15
18,141,15
18,142,7
18,143,14
18,144,1
18,145,4
18,146,1
18,147,13
18,150,14
18,151,1
18,152,6
18,153,20
18,154,17
18,155,7
18,156,11
18,157,8
18,158,15
18,159,19
19,20,18
19,21,10
19,22,15
19,25,16
19,26,12
19,27,1
19,28,14
19,29,16
19,32,8
19,33,20
19,34,6
19,36,2
19,37,14
19,39,7
19,40,12
19,41,18
19,42,9
19,44,15
19,45,6
19,46,9
19,47,2
19,49,4
19,50,5
19,51,3
19,52,12
19,54,13
19,57,13
19,60,16
19,62,20
19,65,15
19,66,15
19,67,7
19,69,19
19,70,9
19,71,19
19,73,4
19,76,11
19,77,3
19,78,10
19,79,12
19,80,1
19,81,9
19,82,11
19,83,10
19,84,13
19,85,11
19,86,19
19,87,7
19,88,7
19,89,20
19,90,1
19,91,13
19,92,2
19,93,1
19,94,7
19,95,15
19,96,12
19,97,8
19,99,7
19,100,20
19,101,2
19,102,8
19,104,1
19,105,7
19,106,6
19,108,5
19,109,6
19,110,3
19,111,15
19,112,11
19,113,12
19,114,20
19,116,10
19,117,14
19,118,1
19,119,14
19,122,15
19,123,16
19,124,5
19,127,20
19,128,18
19,130,15
19,131,18
19,132,6
19,133,17
19,134,18
19,135,2
19,136,7
19,137,20
19,138,8
19,139,5
19,142,9
19,143,18
19,144,18
19,145,17
19,146,9
19,147,5
19,148,19
19,149,1
19,150,12
19,151,5
19,152,4
19,153,2
19,154,3
19,155,14
19,157,13
19,158,13
19,159,9
20,21,16
20,22,16
20,23,14
20,24,17
20,25,1
20,26,1
20,28,10
20,29,7
20,30,17
20,33,15
20,35,2
20,36,10
20,37,15
20,38,1
20,39,3
20,40,1
20,41,6
20,42,12
20,43,19
20,45,1
20,46,10
20,48,5
20,49,19
20,50,14
20,51,18
20,52,19
20,53,17
20,54,8
20,55,6
20,56,4
20,57,12
20,58,18
20,59,17
20,60,15
20,62,7
20,63,7
20,64,8
20,65,9
20,67,9
20,68,12
20,69,4
20,70,5
20,71,20
20,72,5
20,73,19
20,76,10
20,77,19
20,79,7
20,81,6
20,82,10
20,83,17
20,86,5
20,87,10
20,88,15
20,89,15
20,90,15
20,91,20
20,92,1
20,93,11
20,94,15
20,95,6
20,97,16
20,99,9
20,100,19
20,101,18
20,102,4
20,103,12
20,104,8
20,105,14
20,107,9
20,108,16
20,109,7
20,110,12
20,111,15
20,112,1
20,113,17
20,114,19
20,115,20
20,116,4
20,117,8
20,118,3
20,121,9
20,123,16
20,124,20
20,125,18
20,126,6
20,127,9
20,128,18
20,130,18
20,131,9
20,132,4
20,133,9
20,134,17
20,135,19
20,136,13
20,137,11
20,138,16
20,139,3
20,141,2
20,142,17
20,143,1
20,144,12
20,145,20
20,146,4
20,148,12
20,150,20
20,152,17
20,153,9
20,154,9
20,155,11
20,156,18
20,157,3
20,158,6
20,159,1
21,22,17
21,24,3
21,25,6
21,27,9
21,28,9
21,29,16
21,30,5
21,31,10
21,32,2
21,34,7
21,35,18
21,37,11
21,38,16
21,39,7
21,40,4
21,41,9
21,42,20
21,45,3
21,46,18
21,47,2
21,48,15
21,49,20
21,51,12
21,52,17
21,53,15
21,55,10
21,56,12
21,57,16
21,58,2
21,59,2
21,60,19
21,62,15
21,63,2
21,64,19
21,65,9
21,66,20
21,69,3
21,70,11
21,71,6
21,72,7
21,73,10
21,74,11
21,75,18
21,76,15
21,77,11
21,78,12
21,79,9
21,80,5
21,83,10
21,84,20
21,85,16
21,86,17
21,87,13
21,88,6
21,89,3
21,90,18
21,91,14
21,93,12
21,94,12
21,97,15
21,98,3
21,99,17
21,100,5
21,101,5
21,102,12
21,104,8
21,106,9
21,107,5
21,108,19
21,109,13
21,110,10
21,111,2
21,113,4
21,114,20
21,115,2
21,119,19
21,120,10
21,121,4
21,122,7
21,123,1
21,124,16
21,126,12
21,127,20
21,129,15
21,132,10
21,133,5
21,134,10
21,135,6
21,136,14
21,137,2
21,138,19
21,139,13
21,140,17
21,141,6
21,142,9
21,143,3
21,144,7
21,145,11
21,146,6
21,148,8
21,149,17
21,150,7
21,151,4
21,152,16
21,153,13
21,154,20
21,155,5
21,156,13
21,157,16
21,158,3
21,159,4
22,23,8
22,24,2
22,25,15
22,26,10
22,27,3
22,28,18
22,30,7
22,31,19
22,32,20
22,33,2
22,34,10
22,35,20
22,37,3
22,38,15
22,40,2
22,41,17
22,42,4
22,44,5
22,45,14
22,46,14
22,47,20
22,48,11
22,49,10
22,51,8
22,52,4
22,56,4
22,57,2
22,58,13
22,59,9
22,60,5
22,61,16
22,62,9
22,63,6
22,64,14
22,65,8
22,67,4
22,70,10
22,71,1
22,72,16
22,73,15
22,74,19
22,75,12
22,78,3
22,79,18
22,80,3
22,81,8
22,83,2
22,84,19
22,85,15
22,87,17
22,88,20
22,89,15
22,90,7
22,92,8
22,93,5
22,94,13
22,95,13
22,97,8
22,100,16
22,101,1
22,102,4
22,103,13
22,104,10
22,107,4
22,108,13
22,109,16
22,110,19
22,111,6
22,112,18
22,113,5
22,115,11
22,117,15
22,118,16
22,119,3
22,120,18
22,122,5
22,123,14
22,126,3
22,127,11
22,128,7
22,129,6
22,130,15
22,131,1
22,133,2
22,134,7
22,135,15
22,137,18
22,138,1
22,139,14
22,140,13
22,141,6
22,142,4
22,143,6
22,144,10
22,145,13
22,146,15
22,147,18
22,148,20
22,149,11
22,150,7
22,153,12
22,154,2
22,155,1
22,156,6
22,157,10
22,159,14
23,24,19
23,25,5
23,27,3
23,29,15
23,30,14
23,31,10
23,32,14
23,33,1
23,35,19
23,36,12
23,37,8
23,38,3
23,39,9
23,40,7
23,41,17
23,42,3
23,43,1
23,44,10
23,45,16
23,46,5
23,47,5
23,48,17
23,49,14
23,51,13
23,52,16
23,53,7
23,55,19
23,56,2
23,57,11
23,60,10
23,61,10
23,62,1
23,63,6
23,64,3
23,65,11
23,66,6
23,68,7
23,71,10
23,72,9
23,73,2
23,75,12
23,76,18
23,77,2
23,78,11
23,79,16
23,80,15
23,81,5
23,82,16
23,83,7
23,84,4
23,85,20
23,86,11
23,87,2
23,88,13
23,91,18
23,92,5
23,93,11
23,94,1
23,95,16
23,96,19
23,98,15
23,99,11
23,101,7
23,103,2
23,104,6
23,105,11
23,106,7
23,109,2
23,110,9
23,112,5
23,113,2
23,114,1
23,115,8
23,116,5
23,117,5
23,118,5
23,120,8
23,121,6
23,122,12
23,124,10
23,125,8
23,126,18
23,127,1
23,129,12
23,130,11
23,131,16
23,132,12
23,133,19
23,134,5
23,135,10
23,137,4
23,138,20
23,139,6
23,141,13
23,143,13
23,144,19
23,145,14
23,146,16
23,147,9
23,148,5
23,150,10
23,152,20
23,153,17
23,154,7
23,155,12
23,157,6
23,158,8
23,159,12
24,27,15
24,28,19
24,30,17
24,31,2
24,32,10
24,33,13
24,34,20
24,36,7
24,38,12
24,39,4
24,40,16
24,42,4
24,44,18
24,46,14
24,48,12
24,49,13
24,51,2
24,52,2
24,53,9
24,54,14
24,55,17
24,56,1
24,58,20
24,59,19
24,61,16
24,63,5
24,64,20
24,66,15
24,67,9
24,68,7
24,69,17
24,71,4
24,72,11
24,73,20
24,74,13
24,75,16
24,78,3
24,79,1
24,80,4
24,81,13
24,83,6
24,84,20
24,85,19
24,86,17
24,87,17
24,88,11
24,89,8
24,91,9
24,92,1
24,94,16
24,95,11
24,96,14
24,98,15
24,99,18
24,100,14
24,101,12
24,102,17
24,103,4
24,104,18
24,105,17
24,106,14
24,107,8
24,108,19
24,110,7
24,112,3
24,114,5
24,115,8
24,116,2
24,118,4
24,119,8
24,120,20
24,121,10
24,122,8
24,123,15
24,124,5
24,125,20
24,126,11
24,127,15
24,128,8
24,131,6
24,132,12
24,134,16
24,135,17
24,137,18
24,138,7
24,139,18
24,141,3
24,142,14
24,144,8
24,145,1
24,147,14
24,151,20
24,152,12
24,153,12
24,154,6
24,156,18
24,158,17
24,159,7
25,26,11
25,27,4
25,28,9
25,30,16
25,31,17
25,32,15
25,33,11
25,35,20
25,36,17
25,37,12
25,38,12
25,39,2
25,40,19
25,41,5
25,42,7
25,43,19
25,44,14
25,45,10
25,47,4
25,49,10
25,51,6
25,52,2
25,53,20
25,54,8
25,55,4
25,56,4
25,57,4
25,58,12
25,59,10
25,60,14
25,62,10
25,63,16
25,65,15
25,66,1
25,68,13
25,69,3
25,70,18
25,71,3
25,72,17
25,73,10
25,74,18
25,75,8
25,76,4
25,77,6
25,78,20
25,79,3
25,80,15
25,81,15
25,83,17
25,84,8
25,85,10
25,87,12
25,88,20
25,89,1
25,90,6
25,91,17
25,92,10
25,93,12
25,94,8
25,95,11
25,96,14
25,97,10
25,99,9
25,100,7
25,101,16
25,103,5
25,105,20
25,106,15
25,107,16
25,108,15
25,109,10
25,110,8
25,111,10
25,113,4
25,114,8
25,115,19
25,116,8
25,117,15
25,118,10
25,119,4
25,121,9
25,122,5
25,123,7
25,124,11
25,125,9
25,126,9
25,127,3
25,128,6
25,129,13
25,130,4
25,132,12
25,133,19
25,134,10
25,135,18
25,136,4
25,137,3
25,138,17
25,139,8
25,140,6
25,141,4
25,143,14
25,144,13
25,145,11
25,147,18
25,148,2
25,149,19
25,150,19
25,151,8
25,152,9
25,154,12
25,155,5
25,156,1
25,158,19
25,159,9
26,27,4
26,28,7
26,29,9
26,30,4
26,31,7
26,32,18
26,33,19
26,34,12
26,35,7
26,37,6
26,38,20
26,39,4
26,40,1
26,41,15
26,42,12
26,43,1
26,44,13
26,45,5
26,46,12
26,48,8
26,49,12
26,50,19
26,51,18
26,52,5
26,53,1
26,54,8
26,56,15
26,57,5
26,58,11
26,61,13
26,62,19
26,63,18
26,65,3
26,68,6
26,70,12
26,73,4
26,74,3
26,75,11
26,76,10
26,77,1
26,79,15
26,81,7
26,82,12
26,83,20
26,84,7
26,85,1
26,86,8
26,87,19
26,89,1
26,90,16
26,91,3
26,92,16
26,93,16
26,94,7
26,95,12
26,96,7
26,97,5
26,98,13
26,99,11
26,100,4
26,101,16
26,104,20
26,105,17
26,106,3
26,108,12
26,109,11
26,110,11
26,111,18
26,113,13
26,114,8
26,117,8
26,118,16
26,119,16
26,120,6
26,121,5
26,122,13
26,124,9
26,125,1
26,128,19
26,129,12
26,130,10
26,131,7
26,132,15
26,133,1
26,135,19
26,136,20
26,137,8
26,138,9
26,139,2
26,140,3
26,141,16
26,142,18
26,145,15
26,146,3
26,147,5
26,148,2
26,151,10
26,152,15
26,153,4
26,154,4
26,155,14
26,156,4
26,157,17
26,158,8
27,30,11
27,32,2
27,33,12
27,35,15
27,36,4
27,37,11
27,38,19
27,39,7
27,40,10
27,42,7
27,43,6
27,44,13
27,45,19
27,47,19
27,48,8
27,49,10
27,50,15
27,51,11
27,52,15
27,53,8
27,54,4
27,55,16
27,56,10
27,57,5
27,58,4
27,59,15
27,60,3
27,61,5
27,62,7
27,64,15
27,65,9
27,66,1
27,67,5
27,68,12
27,69,8
27,70,12
27,71,13
27,72,4
27,74,14
27,75,18
27,76,15
27,77,10
27,78,2
27,79,20
27,84,7
27,86,16
27,87,2
27,88,1
27,89,16
27,90,12
27,91,18
27,92,4
27,93,2
27,94,18
27,96,5
27,98,16
27,99,14
27,100,13
27,101,3
27,102,18
27,103,16
27,104,12
27,105,7
27,106,20
27,107,8
27,108,12
27,109,5
27,110,8
27,112,14
27,113,8
27,114,19
27,115,3
27,116,11
27,118,17
27,120,2
27,121,7
27,124,9
27,125,3
27,126,16
27,128,8
27,129,17
27,130,9
27,131,17
27,132,14
27,133,19
27,134,1
27,135,5
27,136,13
27,138,14
27,139,2
27,140,14
27,142,6
27,143,4
27,144,3
27,145,19
27,146,6
27,147,2
27,148,16
27,149,12
27,150,17
27,151,16
27,152,15
27,154,8
27,155,8
27,157,6
27,158,5
28,29,14
28,30,3
28,31,8
28,32,17
28,33,6
28,34,14
28,35,2
28,36,8
28,37,17
28,38,2
28,39,12
28,40,1
28,41,7
28,42,7
28,43,7
28,44,8
28,45,6
28,46,7
28,47,11
28,48,12
28,49,10
28,50,1
28,51,18
28,52,17
28,53,19
28,55,19
28,56,15
28,57,13
28,59,2
28,60,12
28,61,4
28,62,9
28,63,12
28,64,4
28,68,15
28,69,16
28,70,3
28,71,12
28,72,13
28,74,16
28,75,16
28,76,15
28,77,19
28,78,12
28,79,6
28,80,11
28,81,5
28,83,16
28,85,9
28,86,7
28,87,12
28,88,9
28,89,19
28,92,20
28,93,7
28,95,14
28,96,18
28,97,13
28,98,4
28,99,3
28,100,3
28,101,19
28,102,15
28,103,1
28,104,14
28,105,3
28,107,6
28,108,10
28,109,8
28,110,7
28,112,4
28,113,11
28,114,6
28,115,9
28,116,8
28,117,12
28,118,4
28,121,15
28,122,16
28,123,11
28,124,6
28,125,16
28,126,15
28,127,9
28,128,9
28,129,8
28,130,14
28,131,4
28,132,17
28,133,7
28,135,4
28,136,2
28,137,5
28,140,4
28,141,9
28,143,1
28,145,15
28,146,8
28,148,4
28,149,16
28,150,18
28,151,16
28,153,16
28,154,1
28,155,13
28,156,13
28,158,9
28,159,10
29,30,8
29,31,17
29,32,13
29,33,18
29,34,1
29,35,5
29,36,10
29,37,12
29,38,4
29,39,19
29,42,2
29,44,18
29,47,16
29,48,1
29,49,6
29,51,17
29,54,4
29,55,17
29,56,18
29,59,17
29,60,10
29,61,6
29,63,10
29,64,6
29,65,12
29,66,9
29,67,9
29,68,13
29,69,5
29,70,16
29,71,18
29,72,15
29,76,4
29,77,12
29,78,11
29,79,4
29,80,4
29,81,18
29,82,9
29,83,14
29,84,13
29,86,3
29,88,16
29,89,2
29,90,13
29,92,14
29,93,20
29,95,9
29,96,11
29,98,9
29,99,6
29,100,1
29,101,7
29,102,17
29,103,17
29,105,15
29,106,7
29,107,11
29,109,13
29,110,19
29,111,4
29,112,14
29,113,8
29,114,14
29,115,17
29,118,5
29,119,14
29,120,15
29,122,10
29,123,19
29,124,3
29,125,20
29,126,20
29,127,3
29,128,18
29,129,4
29,130,15
29,131,14
29,132,15
29,133,19
29,134,8
29,135,3
29,136,16
29,137,16
29,140,16
29,141,10
29,142,14
29,143,7
29,144,8
29,145,3
29,146,3
29,148,18
29,149,3
29,150,4
29,151,8
29,152,7
29,153,12
29,155,1
29,156,18
29,157,20
29,159,11
30,31,18
30,33,16
30,35,13
30,36,9
30,37,11
30,38,8
30,39,14
30,40,4
30,42,12
30,43,20
30,44,2
30,45,10
30,47,13
30,48,20
30,49,3
30,50,3
30,51,18
30,52,16
30,54,3
30,55,6
30,56,4
30,57,20
30,58,5
30,59,17
30,60,15
30,61,1
30,62,3
30,63,9
30,64,17
30,65,3
30,67,3
30,69,16
30,71,4
30,72,13
30,73,12
30,74,9
30,75,11
30,77,18
30,78,10
30,79,5
30,81,14
30,83,4
30,84,2
30,85,12
30,86,16
30,87,8
30,90,13
30,92,8
30,95,18
30,96,20
30,97,4
30,98,17
30,99,3
30,100,16
30,101,20
30,103,20
30,104,6
30,105,9
30,106,10
30,107,15
30,108,5
30,109,17
30,110,20
30,111,4
30,113,6
30,114,17
30,115,1
30,117,3
30,121,7
30,122,3
30,123,3
30,124,4
30,126,19
30,127,15
30,128,9
30,129,6
30,130,8
30,131,2
30,132,5
30,133,3
30,135,1
30,136,1
30,137,10
30,139,9
30,140,15
30,141,11
30,143,10
30,145,1
30,146,13
30,148,12
30,149,12
30,151,7
30,152,12
30,153,19
30,154,5
30,155,20
30,156,2
30,157,11
30,158,3
31,32,10
31,33,11
31,35,1
31,36,3
31,37,3
31,38,17
31,41,9
31,43,12
31,46,19
31,49,9
31,50,16
31,51,19
31,54,12
31,55,10
31,56,5
31,58,16
31,59,16
31,60,20
31,61,2
31,65,16
31,66,18
31,67,8
31,69,16
31,70,4
31,71,15
31,72,6
31,73,14
31,74,20
31,75,4
31,77,2
31,78,2
31,79,14
31,81,11
31,83,4
31,84,13
31,85,4
31,86,15
31,87,18
31,88,3
31,89,8
31,90,18
31,91,12
31,92,8
31,93,16
31,96,17
31,98,12
31,99,11
31,100,4
31,101,19
31,102,12
31,103,19
31,104,7
31,105,9
31,106,19
31,107,15
31,108,18
31,109,14
31,110,9
31,111,7
31,112,19
31,113,15
31,114,14
31,116,5
31,117,17
31,119,3
31,120,14
31,122,2
31,124,19
31,125,16
31,127,10
31,130,5
31,132,14
31,133,8
31,134,16
31,136,16
31,137,16
31,139,19
31,140,12
31,141,3
31,142,5
31,143,4
31,144,7
31,146,18
31,147,7
31,148,20
31,149,12
31,151,3
31,152,10
31,153,6
31,154,1
31,155,1
31,156,13
31,157,1
31,159,15
32,33,7
32,34,12
32,35,11
32,36,14
32,37,3
32,38,4
32,40,6
32,41,12
32,42,14
32,45,13
32,46,7
32,47,17
32,48,12
32,50,9
32,51,15
32,54,15
32,55,5
32,56,4
32,59,6
32,63,7
32,64,19
32,65,5
32,66,5
32,67,11
32,68,16
32,69,14
32,70,14
32,72,13
32,74,9
32,75,8
32,76,2
32,77,13
32,78,7
32,79,15
32,80,2
32,82,11
32,83,6
32,84,15
32,85,7
32,86,17
32,87,7
32,88,6
32,89,8
32,91,20
32,92,2
32,93,7
32,95,1
32,96,8
32,98,4
32,99,7
32,100,18
32,101,17
32,103,3
32,104,15
32,109,7
32,110,13
32,111,6
32,112,6
32,113,8
32,117,13
32,118,14
32,119,15
32,120,14
32,124,19
32,126,14
32,127,1
32,129,7
32,131,4
32,132,17
32,134,2
32,135,11
32,137,4
32,138,10
32,139,13
32,140,2
32,141,10
32,143,1
32,144,3
32,145,15
32,147,3
32,148,7
32,150,4
32,152,14
32,153,16
32,154,19
32,155,18
32,156,6
32,157,10
32,158,20
32,159,10
33,34,11
33,35,5
33,36,20
33,37,9
33,38,17
33,39,13
33,40,15
33,41,8
33,42,2
33,43,3
33,44,11
33,45,19
33,46,9
33,48,1
33,49,18
33,50,5
33,51,3
33,52,15
33,53,8
33,54,16
33,55,15
33,56,1
33,57,1
33,58,2
33,59,8
33,60,18
33,62,19
33,63,14
33,64,4
33,65,16
33,66,17
33,68,17
33,69,9
33,70,14
33,71,14
33,72,1
33,73,1
33,74,14
33,75,15
33,76,20
33,77,11
33,79,2
33,80,6
33,81,15
33,83,12
33,84,11
33,85,12
33,87,3
33,88,1
33,89,11
33,90,9
33,91,11
33,92,1
33,95,13
33,96,18
33,97,19
33,99,4
33,100,10
33,102,17
33,104,7
33,106,12
33,108,3
33,109,18
33,110,15
33,112,14
33,113,6
33,115,17
33,116,14
33,117,20
33,118,11
33,119,19
33,120,2
33,121,16
33,122,3
33,123,14
33,124,18
33,126,1
33,127,18
33,129,17
33,131,10
33,132,15
33,134,5
33,135,16
33,136,16
33,137,10
33,138,4
33,139,12
33,140,9
33,141,7
33,143,9
33,144,7
33,145,14
33,147,4
33,149,18
33,150,15
33,151,13
33,153,1
33,154,13
33,155,5
33,156,3
34,36,18
34,37,20
34,38,13
34,39,5
34,40,4
34,41,4
34,43,20
34,44,6
34,45,20
34,46,12
34,48,8
34,49,2
34,50,10
34,51,14
34,52,5
34,53,14
34,54,3
34,56,19
34,57,1
34,58,11
34,59,17
34,60,16
34,61,19
34,62,9
34,63,6
34,64,3
34,65,14
34,66,12
34,67,8
34,70,3
34,72,5
34,73,3
34,74,15
34,75,20
34,76,3
34,77,9
34,78,3
34,79,19
34,80,4
34,82,1
34,83,17
34,84,11
34,85,15
34,86,10
34,88,12
34,89,16
34,90,4
34,91,18
34,93,4
34,94,1
34,95,14
34,96,4
34,97,9
34,98,8
34,99,19
34,102,13
34,106,9
34,107,3
34,108,4
34,109,18
34,110,10
34,111,12
34,112,9
34,114,12
34,116,1
34,119,12
34,120,17
34,121,14
34,122,17
34,124,12
34,126,15
34,127,17
34,130,16
34,131,9
34,132,15
34,133,9
34,134,1
34,135,4
34,136,15
34,137,7
34,138,1
34,139,12
34,140,17
34,141,3
34,142,20
34,145,17
34,146,10
34,147,16
34,149,12
34,151,16
34,152,6
34,153,3
34,155,20
34,156,20
34,157,5
34,158,16
34,159,10
35,36,5
35,37,8
35,38,11
35,39,10
35,41,17
35,42,6
35,43,4
35,44,2
35,45,20
35,46,1
35,48,9
35,50,19
35,51,7
35,52,10
35,54,9
35,55,14
35,56,7
35,57,3
35,59,16
35,61,8
35,62,7
35,63,15
35,65,20
35,66,14
35,69,5
35,70,15
35,71,11
35,72,14
35,73,15
35,74,15
35,75,13
35,76,4
35,78,16
35,81,11
35,82,17
35,83,17
35,85,20
35,86,6
35,87,16
35,88,20
35,89,10
35,90,20
35,93,18
35,94,11
35,95,2
35,97,6
35,98,10
35,100,2
35,101,1
35,102,12
35,103,5
35,105,10
35,106,15
35,107,11
35,108,6
35,109,9
35,110,7
35,111,7
35,112,13
35,113,5
35,114,3
35,115,18
35,116,9
35,118,9
35,120,19
35,121,16
35,123,3
35,126,14
35,127,5
35,128,5
35,129,6
35,132,20
35,133,11
35,134,4
35,136,6
35,137,6
35,138,8
35,139,13
35,140,2
35,141,10
35,144,5
35,145,15
35,147,9
35,149,18
35,150,9
35,151,6
35,152,6
35,153,14
35,154,20
35,155,10
35,157,14
35,159,8
36,37,6
36,40,8
36,41,2
36,42,7
36,44,2
36,45,5
36,46,9
36,47,12
36,48,3
36,49,14
36,50,5
36,51,11
36,52,4
36,53,3
36,55,19
36,56,13
36,57,15
36,59,14
36,60,15
36,61,14
36,62,2
36,63,14
36,64,5
36,66,17
36,67,16
36,68,11
36,69,4
36,70,15
36,71,16
36,72,2
36,74,18
36,76,3
36,77,3
36,78,11
36,80,2
36,81,20
36,83,14
36,84,6
36,85,16
36,86,13
36,87,20
36,88,14
36,89,17
36,90,14
36,93,12
36,95,4
36,96,11
36,97,4
36,98,15
36,99,13
36,100,19
36,101,11
36,103,2
36,105,16
36,106,12
36,107,17
36,108,11
36,109,20
36,110,13
36,111,3
36,112,1
36,113,12
36,114,5
36,115,14
36,116,12
36,118,12
36,119,6
36,121,2
36,122,2
36,123,19
36,124,20
36,125,2
36,126,20
36,128,9
36,129,5
36,130,13
36,131,18
36,132,16
36,133,15
36,135,15
36,136,4
36,137,18
36,139,11
36,140,16
36,141,17
36,143,4
36,145,14
36,146,11
36,147,18
36,148,20
36,149,9
36,150,17
36,151,16
36,153,2
36,154,17
36,156,20
36,157,7
36,159,19
37,38,1
37,39,10
37,40,14
37,41,18
37,42,1
37,43,10
37,44,3
37,45,4
37,46,19
37,47,15
37,48,9
37,49,4
37,50,15
37,51,10
37,52,15
37,53,8
37,54,16
37,55,8
37,56,10
37,57,9
37,58,11
37,59,2
37,62,4
37,64,2
37,65,17
37,66,19
37,67,15
37,68,18
37,69,18
37,71,3
37,72,11
37,74,11
37,75,15
37,76,9
37,77,19
37,78,18
37,80,4
37,81,3
37,82,14
37,83,9
37,84,13
37,85,11
37,86,6
37,87,14
37,88,2
37,89,15
37,90,14
37,91,19
37,93,15
37,94,5
37,95,20
37,96,17
37,98,1
37,99,12
37,100,5
37,101,4
37,102,18
37,103,12
37,104,6
37,105,7
37,106,4
37,107,15
37,108,1
37,109,18
37,110,1
37,111,1
37,112,14
37,113,15
37,115,4
37,116,20
37,118,18
37,119,14
37,120,12
37,121,15
37,122,18
37,123,2
37,124,13
37,126,5
37,127,13
37,128,5
37,129,16
37,130,15
37,132,20
37,133,12
37,134,9
37,135,13
37,136,2
37,139,4
37,141,10
37,143,15
37,144,9
37,146,6
37,147,18
37,149,6
37,150,10
37,151,16
37,152,18
37,154,14
37,155,16
37,157,9
37,158,14
37,159,16
38,39,13
38,41,18
38,42,1
38,43,20
38,44,5
38,45,12
38,46,19
38,47,14
38,48,12
38,49,16
38,50,12
38,51,18
38,52,4
38,53,19
38,54,12
38,55,1
38,56,18
38,57,10
38,58,6
38,59,19
38,60,15
38,61,14
38,62,18
38,63,17
38,64,16
38,67,9
38,70,16
38,73,19
38,74,18
38,75,12
38,77,2
38,78,6
38,79,19
38,80,9
38,81,5
38,82,8
38,84,7
38,85,5
38,86,6
38,87,19
38,89,18
38,90,18
38,91,6
38,94,5
38,99,17
38,100,15
38,102,20
38,103,16
38,104,18
38,105,17
38,106,4
38,107,12
38,108,11
38,109,1
38,110,2
38,112,7
38,113,20
38,114,12
38,115,3
38,116,15
38,118,1
38,119,17
38,120,16
38,121,19
38,122,3
38,123,13
38,124,6
38,126,3
38,127,9
38,128,9
38,129,5
38,130,20
38,131,9
38,132,6
38,134,5
38,135,8
38,136,9
38,137,11
38,138,18
38,139,14
38,140,16
38,141,5
38,142,1
38,144,5
38,147,2
38,148,11
38,149,19
38,150,20
38,151,12
38,152,4
38,153,17
38,155,16
38,156,4
38,157,15
39,40,3
39,41,19
39,42,12
39,43,15
39,44,19
39,45,19
39,46,20
39,47,18
39,48,20
39,49,3
39,50,13
39,51,19
39,52,3
39,53,7
39,54,8
39,55,5
39,56,14
39,57,18
39,58,17
39,59,3
39,60,10
39,61,13
39,62,4
39,63,8
39,64,20
39,65,1
39,66,5
39,67,16
39,68,18
39,70,13
39,71,2
39,72,1
39,74,8
39,75,5
39,78,14
39,81,11
39,82,5
39,83,5
39,84,7
39,87,14
39,88,9
39,89,4
39,90,7
39,91,16
39,92,4
39,93,20
39,94,8
39,95,5
39,96,15
39,98,4
39,99,13
39,101,10
39,102,8
39,103,7
39,104,7
39,105,11
39,106,11
39,107,2
39,109,9
39,111,9
39,113,13
39,114,14
39,115,15
39,117,9
39,118,3
39,119,4
39,121,12
39,122,20
39,123,8
39,124,10
39,125,7
39,126,17
39,127,2
39,128,16
39,129,11
39,130,7
39,131,7
39,132,3
39,134,13
39,135,5
39,136,15
39,138,7
39,139,11
39,141,5
39,142,5
39,143,19
39,144,11
39,146,8
39,147,9
39,150,16
39,152,11
39,154,3
39,155,7
39,156,20
39,157,4
39,159,15
40,41,7
40,42,8
40,43,2
40,45,8
40,46,6
40,47,7
40,48,10
40,49,4
40,50,1
40,51,20
40,54,11
40,55,10
40,56,1
40,57,9
40,58,19
40,59,8
40,60,15
40,61,6
40,62,16
40,63,13
40,64,20
40,65,3
40,66,18
40,67,20
40,70,15
40,71,5
40,72,19
40,73,12
40,74,16
40,75,15
40,76,13
40,77,7
40,78,13
40,80,4
40,81,2
40,82,20
40,83,7
40,84,4
40,85,1
40,86,17
40,87,8
40,89,11
40,91,19
40,92,19
40,93,5
40,94,2
40,95,2
40,96,7
40,97,19
40,98,11
40,100,20
40,101,16
40,102,15
40,103,5
40,104,15
40,105,15
40,106,1
40,107,2
40,108,10
40,109,18
40,110,10
40,111,5
40,112,6
40,113,13
40,114,4
40,116,16
40,117,18
40,118,17
40,119,6
40,120,1
40,121,12
40,122,6
40,124,14
40,125,8
40,126,17
40,127,12
40,128,6
40,129,20
40,131,12
40,132,18
40,133,2
40,134,14
40,136,4
40,138,12
40,139,17
40,140,11
40,141,7
40,142,5
40,143,8
40,144,12
40,145,9
40,147,4
40,148,10
40,149,3
40,150,11
40,151,16
40,152,11
40,154,18
40,155,2
40,158,11
40,159,18
41,44,15
41,45,20
41,46,14
41,48,16
41,51,14
41,52,18
41,53,4
41,54,17
41,56,4
41,57,13
41,58,7
41,60,13
41,62,1
41,63,15
41,64,12
41,65,13
41,66,11
41,67,18
41,68,1
41,69,6
41,70,16
41,71,10
41,72,6
41,74,7
41,75,16
41,76,5
41,77,2
41,78,11
41,79,7
41,80,12
41,81,13
41,82,11
41,83,14
41,84,7
41,85,6
41,86,1
41,87,15
41,88,19
41,89,10
41,92,2
41,93,2
41,94,19
41,95,3
41,96,4
41,97,14
41,98,4
41,100,2
41,101,9
41,102,19
41,103,10
41,104,16
41,105,13
41,107,13
41,109,6
41,110,9
41,111,1
41,112,19
41,113,13
41,114,16
41,117,17
41,118,15
41,120,6
41,121,3
41,122,19
41,123,20
41,127,9
41,128,19
41,129,8
41,130,15
41,131,18
41,132,13
41,133,17
41,134,4
41,135,13
41,136,20
41,137,17
41,139,3
41,140,20
41,141,3
41,142,8
41,145,11
41,146,19
41,147,16
41,148,5
41,149,10
41,150,5
41,152,12
41,153,8
41,155,16
41,156,2
41,157,8
41,158,5
41,159,20
42,43,5
42,44,12
42,45,7
42,46,12
42,47,9
42,48,10
42,49,7
42,50,20
42,51,9
42,52,18
42,53,7
42,55,16
42,56,3
42,57,11
42,59,2
42,60,20
42,63,20
42,64,3
42,66,10
42,67,10
42,68,7
42,69,18
42,70,9
42,71,15
42,72,1
42,73,7
42,75,7
42,76,15
42,77,18
42,79,20
42,80,17
42,81,4
42,82,12
42,83,5
42,85,15
42,86,16
42,87,14
42,88,20
42,89,20
42,92,16
42,93,1
42,94,2
42,95,7
42,97,6
42,98,7
42,99,1
42,101,8
42,102,2
42,103,9
42,104,8
42,105,2
42,106,12
42,107,13
42,108,6
42,110,3
42,111,1
42,113,3
42,114,10
42,115,5
42,116,16
42,119,9
42,121,10
42,122,9
42,123,13
42,124,1
42,127,7
42,128,15
42,129,12
42,130,4
42,131,5
42,132,10
42,133,12
42,136,1
42,137,20
42,139,2
42,140,4
42,141,1
42,142,11
42,143,5
42,144,11
42,145,16
42,147,14
42,148,1
42,149,20
42,152,2
42,153,11
42,154,12
42,155,5
42,156,4
42,157,10
42,158,19
42,159,2
43,44,19
43,47,16
43,48,12
43,49,3
43,50,13
43,51,4
43,52,4
43,53,1
43,54,7
43,55,7
43,56,16
43,57,15
43,58,18
43,60,3
43,61,15
43,62,4
43,63,1
43,64,16
43,67,17
43,68,7
43,69,4
43,70,14
43,71,5
43,72,5
43,73,6
43,74,15
43,76,6
43,77,9
43,78,8
43,79,8
43,80,8
43,82,8
43,83,7
43,84,17
43,87,20
43,89,6
43,91,17
43,92,5
43,93,10
43,94,1
43,95,12
43,96,16
43,97,11
43,98,5
43,100,7
43,101,5
43,102,19
43,103,19
43,105,14
43,106,6
43,108,20
43,109,5
43,110,19
43,111,1
43,113,15
43,116,7
43,117,1
43,118,12
43,119,9
43,120,3
43,121,1
43,122,8
43,123,13
43,124,12
43,125,8
43,126,12
43,128,5
43,130,5
43,131,11
43,132,12
43,133,10
43,135,5
43,136,19
43,137,14
43,138,13
43,139,19
43,140,8
43,141,17
43,142,5
43,143,9
43,144,10
43,145,9
43,146,20
43,147,10
43,148,12
43,149,11
43,150,14
43,151,3
43,152,16
43,153,2
43,154,9
43,155,6
43,158,6
43,159,2
44,45,18
44,46,10
44,47,3
44,49,13
44,50,1
44,51,17
44,52,12
44,53,7
44,54,6
44,55,19
44,56,3
44,57,9
44,58,13
44,59,15
44,60,10
44,61,15
44,62,10
44,63,16
44,65,7
44,66,19
44,67,20
44,68,4
44,69,4
44,70,9
44,71,1
44,72,15
44,73,5
44,74,18
44,76,7
44,77,17
44,78,12
44,79,5
44,81,6
44,83,2
44,84,13
44,85,6
44,86,5
44,87,19
44,88,11
44,91,16
44,92,9
44,93,9
44,94,8
44,95,4
44,96,20
44,97,17
44,98,7
44,99,5
44,100,14
44,101,11
44,102,15
44,103,13
44,104,3
44,107,10
44,109,6
44,110,4
44,112,8
44,113,13
44,115,19
44,116,5
44,118,9
44,119,19
44,120,1
44,121,17
44,122,17
44,123,1
44,124,16
44,126,12
44,127,4
44,128,19
44,129,1
44,130,18
44,131,14
44,133,20
44,134,3
44,135,19
44,136,16
44,137,20
44,139,12
44,140,18
44,141,19
44,142,4
44,144,15
44,148,12
44,149,14
44,150,14
44,151,2
44,152,6
44,153,17
44,154,3
44,155,11
44,156,17
44,158,20
45,47,10
45,48,1
45,50,3
45,52,17
45,54,11
45,55,19
45,56,12
45,57,4
45,59,15
45,60,8
45,61,3
45,62,5
45,63,15
45,64,15
45,67,9
45,68,15
45,69,6
45,71,16
45,73,5
45,74,1
45,76,10
45,77,6
45,78,8
45,79,3
45,82,5
45,84,9
45,85,20
45,86,9
45,87,5
45,88,1
45,89,4
45,90,8
45,91,5
45,92,5
45,94,15
45,95,4
45,96,15
45,97,2
45,98,12
45,99,11
45,101,4
45,102,10
45,103,9
45,104,13
45,106,1
45,107,19
45,108,2
45,109,3
45,111,1
45,112,13
45,113,7
45,114,7
45,115,10
45,118,1
45,119,10
45,120,1
45,122,8
45,123,6
45,124,20
45,126,7
45,127,7
45,128,20
45,129,13
45,130,9
45,131,7
45,133,1
45,134,5
45,135,20
45,136,6
45,137,5
45,138,9
45,139,9
45,141,2
45,143,5
45,144,20
45,145,9
45,146,18
45,147,13
45,148,18
45,149,4
45,151,15
45,152,19
45,154,8
45,155,3
45,156,20
45,157,18
45,159,7
46,47,15
46,48,18
46,50,16
46,51,14
46,52,9
46,55,15
46,56,10
46,57,11
46,58,9
46,59,14
46,62,19
46,63,16
46,64,7
46,65,16
46,66,15
46,69,8
46,70,2
46,71,16
46,72,16
46,73,13
46,75,3
46,79,1
46,80,17
46,81,7
46,82,15
46,84,14
46,85,6
46,87,13
46,88,12
46,89,19
46,90,3
46,91,15
46,92,11
46,93,1
46,94,6
46,95,6
46,96,7
46,97,13
46,98,19
46,99,6
46,100,9
46,101,4
46,102,10
46,103,13
46,104,10
46,106,13
46,107,7
46,108,13
46,109,8
46,110,16
46,111,19
46,112,2
46,113,11
46,114,2
46,116,18
46,117,9
46,118,8
46,119,1
46,120,4
46,121,2
46,122,9
46,125,15
46,127,13
46,129,13
46,130,14
46,131,7
46,132,13
46,133,12
46,134,2
46,135,13
46,136,9
46,137,17
46,139,17
46,142,19
46,143,19
46,144,4
46,145,7
46,146,1
46,147,20
46,148,5
46,149,5
46,151,20
46,153,5
46,154,10
46,155,2
46,156,18
46,157,20
46,159,6
47,49,4
47,50,20
47,53,15
47,55,2
47,56,13
47,57,15
47,58,17
47,60,15
47,62,15
47,64,17
47,65,6
47,66,2
47,67,2
47,68,8
47,70,3
47,72,13
47,73,19
47,74,5
47,75,3
47,76,15
47,77,12
47,79,2
47,80,2
47,81,15
47,82,11
47,84,17
47,85,8
47,86,2
47,87,10
47,88,7
47,89,19
47,90,8
47,91,18
47,93,20
47,94,14
47,97,4
47,98,20
47,99,14
47,100,13
47,102,10
47,103,3
47,104,19
47,105,20
47,107,6
47,108,3
47,109,2
47,110,4
47,111,20
47,112,16
47,113,15
47,114,3
47,115,13
47,117,3
47,118,5
47,119,9
47,120,4
47,121,19
47,122,9
47,123,15
47,125,12
47,127,18
47,128,5
47,129,4
47,130,9
47,131,17
47,132,2
47,134,19
47,135,18
47,136,10
47,139,15
47,140,14
47,142,5
47,144,14
47,146,18
47,149,12
47,150,12
47,151,17
47,152,6
47,155,19
47,157,2
47,158,9
47,159,9
48,49,17
48,50,6
48,51,11
48,52,10
48,54,18
48,55,10
48,56,17
48,57,7
48,60,9
48,61,8
48,62,15
48,63,11
48,64,20
48,65,2
48,66,18
48,67,15
48,68,20
48,69,12
48,71,11
48,72,2
48,73,19
48,76,7
48,77,6
48,78,18
48,79,18
48,80,11
48,82,12
48,83,16
48,84,19
48,86,8
48,89,19
48,90,14
48,91,1
48,92,3
48,93,9
48,94,12
48,95,18
48,96,8
48,97,12
48,98,20
48,99,19
48,100,9
48,101,6
48,102,2
48,105,13
48,106,11
48,107,14
48,108,5
48,110,16
48,112,4
48,113,12
48,115,3
48,117,10
48,119,15
48,121,11
48,122,9
48,123,9
48,124,9
48,126,11
48,128,9
48,129,12
48,130,8
48,131,12
48,133,3
48,134,18
48,136,14
48,137,19
48,138,11
48,139,6
48,142,8
48,143,20
48,145,13
48,146,8
48,148,2
48,149,8
48,150,7
48,151,1
48,153,11
48,154,11
48,155,16
48,156,15
48,157,20
48,158,1
48,159,6
49,50,10
49,51,18
49,55,3
49,56,9
49,57,13
49,58,16
49,59,16
49,60,6
49,61,17
49,62,9
49,64,10
49,67,16
49,69,20
49,70,10
49,71,4
49,72,19
49,73,18
49,74,15
49,76,1
49,78,20
49,79,1
49,80,14
49,81,19
49,82,8
49,83,18
49,84,4
49,87,15
49,88,15
49,89,20
49,90,7
49,91,5
49,92,8
49,93,6
49,94,11
49,95,16
49,97,2
49,99,8
49,101,15
49,102,19
49,103,16
49,104,1
49,106,5
49,109,17
49,110,8
49,111,13
49,114,15
49,115,13
49,116,12
49,117,8
49,120,6
49,121,10
49,122,2
49,123,10
49,124,16
49,125,17
49,126,16
49,127,8
49,128,12
49,129,3
49,130,8
49,131,6
49,133,13
49,135,6
49,136,15
49,137,12
49,138,13
49,139,17
49,140,9
49,141,3
49,144,9
49,145,7
49,146,13
49,147,15
49,148,9
49,149,11
49,151,7
49,155,8
49,157,10
49,158,13
49,159,18
50,51,6
50,52,7
50,53,18
50,55,18
50,57,8
50,58,5
50,60,16
50,61,19
50,62,17
50,63,10
50,64,16
50,65,14
50,66,13
50,67,3
50,68,14
50,69,10
50,73,18
50,74,8
50,75,8
50,76,3
50,77,1
50,78,18
50,79,19
50,80,13
50,82,3
50,83,6
50,84,15
50,85,14
50,86,14
50,87,19
50,88,18
50,89,8
50,90,18
50,91,7
50,92,12
50,93,5
50,94,17
50,95,3
50,96,6
50,97,12
50,99,18
50,100,5
50,101,14
50,103,2
50,104,14
50,105,4
50,108,7
50,109,2
50,110,16
50,111,9
50,112,6
50,115,20
50,117,11
50,119,4
50,120,20
50,121,13
50,124,19
50,125,1
50,126,9
50,127,3
50,128,7
50,129,4
50,131,20
50,132,20
50,133,16
50,134,3
50,135,5
50,137,17
50,138,15
50,139,15
50,140,14
50,141,18
50,143,1
50,144,8
50,145,16
50,146,13
50,147,1
50,148,8
50,150,13
50,151,8
50,152,18
50,153,19
50,154,9
50,155,17
50,156,8
51,54,3
51,55,20
51,58,6
51,60,5
51,61,15
51,62,7
51,63,20
51,65,17
51,66,11
51,68,2
51,69,9
51,71,19
51,72,13
51,73,4
51,74,11
51,75,11
51,76,15
51,77,16
51,79,15
51,80,7
51,81,1
51,83,12
51,84,13
51,85,18
51,86,15
51,89,17
51,90,14
51,91,9
51,92,17
51,93,8
51,94,17
51,96,7
51,97,1
51,98,8
51,100,12
51,102,1
51,103,17
51,105,20
51,106,7
51,109,10
51,110,20
51,111,19
51,112,7
51,113,15
51,114,12
51,116,11
51,117,6
51,118,8
51,119,2
51,120,13
51,121,5
51,122,19
51,123,13
51,124,16
51,125,16
51,126,3
51,127,10
51,128,16
51,129,18
51,131,2
51,132,15
51,133,7
51,134,13
51,137,12
51,138,11
51,139,7
51,140,18
51,141,14
51,142,18
51,143,13
51,144,16
51,147,13
51,150,18
51,151,8
51,152,15
51,153,18
51,154,19
51,155,6
51,156,12
51,157,12
51,158,3
51,159,13
52,53,2
52,54,14
52,55,5
52,56,15
52,57,17
52,58,6
52,59,12
52,61,15
52,62,8
52,63,20
52,64,13
52,65,1
52,66,10
52,67,12
52,68,1
52,69,11
52,70,12
52,71,11
52,72,18
52,73,14
52,74,6
52,75,6
52,76,17
52,77,15
52,78,4
52,80,1
52,81,1
52,82,10
52,83,12
52,84,7
52,86,4
52,88,16
52,91,17
52,92,19
52,93,18
52,96,20
52,97,11
52,98,18
52,99,16
52,100,3
52,101,14
52,102,14
52,103,8
52,104,9
52,105,3
52,106,9
52,107,2
52,108,3
52,109,6
52,110,8
52,111,16
52,112,13
52,113,10
52,114,2
52,116,8
52,118,17
52,119,3
52,120,8
52,121,6
52,122,19
52,123,5
52,124,20
52,125,16
52,126,9
52,127,12
52,128,12
52,129,11
52,130,13
52,131,8
52,133,14
52,134,3
52,135,3
52,137,13
52,138,20
52,139,11
52,140,16
52,141,10
52,142,5
52,143,1
52,144,1
52,145,3
52,148,9
52,149,18
52,151,3
52,152,13
52,153,19
52,154,1
52,155,6
52,156,13
52,157,17
52,158,2
52,159,8
53,54,18
53,55,20
53,58,6
53,60,15
53,61,18
53,62,3
53,63,4
53,66,15
53,67,3
53,68,5
53,69,15
53,70,4
53,71,15
53,72,10
53,73,10
53,74,19
53,75,5
53,76,1
53,77,6
53,78,12
53,79,1
53,80,18
53,81,15
53,82,19
53,83,13
53,84,16
53,86,1
53,87,1
53,88,14
53,90,6
53,93,4
53,94,1
53,95,14
53,97,19
53,98,13
53,99,14
53,100,4
53,102,7
53,103,17
53,105,18
53,106,8
53,107,5
53,109,1
53,110,17
53,111,14
53,113,5
53,114,16
53,115,16
53,116,20
53,117,17
53,118,11
53,119,18
53,120,15
53,121,1
53,123,5
53,124,5
53,125,15
53,126,17
53,127,4
53,128,18
53,129,12
53,130,20
53,132,14
53,134,10
53,135,11
53,136,13
53,137,8
53,138,2
53,139,2
53,140,10
53,142,6
53,143,15
53,145,3
53,148,4
53,149,15
53,151,10
53,152,2
53,154,16
53,155,15
53,157,1
53,158,4
53,159,14
54,55,8
54,56,6
54,57,1
54,58,14
54,60,7
54,62,17
54,63,20
54,64,7
54,65,14
54,66,1
54,67,5
54,68,2
54,69,14
54,70,5
54,71,4
54,72,17
54,73,2
54,74,11
54,75,17
54,76,18
54,78,12
54,79,7
54,80,15
54,81,14
54,82,18
54,83,18
54,85,5
54,87,14
54,88,10
54,90,12
54,92,19
54,93,1
54,94,17
54,95,18
54,96,20
54,97,7
54,98,3
54,99,12
54,100,18
54,101,11
54,102,12
54,103,18
54,105,19
54,106,1
54,107,15
54,109,15
54,110,6
54,111,11
54,113,3
54,114,14
54,115,5
54,116,10
54,119,9
54,120,8
54,121,8
54,122,9
54,123,12
54,124,10
54,125,5
54,127,8
54,128,17
54,129,19
54,130,17
54,131,9
54,132,6
54,133,6
54,134,6
54,135,13
54,136,5
54,137,2
54,138,4
54,139,11
54,140,17
54,141,11
54,142,15
54,143,17
54,145,11
54,146,10
54,147,6
54,148,6
54,149,11
54,155,4
54,156,4
54,159,19
55,56,6
55,57,7
55,58,19
55,59,19
55,60,4
55,61,20
55,65,4
55,66,5
55,68,10
55,70,5
55,71,8
55,72,9
55,73,19
55,74,20
55,75,8
55,76,9
55,78,4
55,79,19
55,80,18
55,82,12
55,83,5
55,84,6
55,85,18
55,86,19
55,88,9
55,89,10
55,90,13
55,91,6
55,92,18
55,93,9
55,95,10
55,96,15
55,97,2
55,98,7
55,99,20
55,100,2
55,101,17
55,102,16
55,103,2
55,104,7
55,105,16
55,106,7
55,107,8
55,108,7
55,111,12
55,112,13
55,113,18
55,114,9
55,115,7
55,116,2
55,117,2
55,118,17
55,120,15
55,122,4
55,123,20
55,124,11
55,125,1
55,126,10
55,127,9
55,128,5
55,131,14
55,132,4
55,134,18
55,135,14
55,136,8
55,137,8
55,138,8
55,139,11
55,140,17
55,141,19
55,142,15
55,143,19
55,145,1
55,147,3
55,148,13
55,149,14
55,150,18
55,152,3
55,154,8
55,156,20
55,157,7
55,158,5
55,159,9
56,57,5
56,58,1
56,59,16
56,62,19
56,64,16
56,65,8
56,66,13
56,67,20
56,71,11
56,73,11
56,74,5
56,75,9
56,76,15
56,78,1
56,79,19
56,81,17
56,82,13
56,83,2
56,84,15
56,85,3
56,86,11
56,87,19
56,89,3
56,90,15
56,91,1
56,93,7
56,95,4
56,96,12
56,97,11
56,98,17
56,99,20
56,100,6
56,101,16
56,102,16
56,103,17
56,104,5
56,105,14
56,106,18
56,107,18
56,109,5
56,110,1
56,111,12
56,113,11
56,114,9
56,115,3
56,117,7
56,118,6
56,119,8
56,122,9
56,124,12
56,127,20
56,128,2
56,129,17
56,130,2
56,131,10
56,132,17
56,133,4
56,134,4
56,135,15
56,136,4
56,137,18
56,138,13
56,139,13
56,140,18
56,141,1
56,142,16
56,143,11
56,145,13
56,147,16
56,148,1
56,149,9
56,150,14
56,151,14
56,152,13
56,153,19
56,154,15
56,155,18
56,156,5
56,157,5
56,158,7
56,159,20
57,58,14
57,59,17
57,60,1
57,62,10
57,63,19
57,65,19
57,66,17
57,67,9
57,68,20
57,70,17
57,71,9
57,73,3
57,74,20
57,75,9
57,76,8
57,77,19
57,78,11
57,79,8
57,80,1
57,81,10
57,82,1
57,83,14
57,85,12
57,86,3
57,88,16
57,89,8
57,90,9
57,91,2
57,95,19
57,98,3
57,99,2
57,100,12
57,101,5
57,102,3
57,104,6
57,105,20
57,106,8
57,108,15
57,109,2
57,110,8
57,111,19
57,112,18
57,113,15
57,115,1
57,116,6
57,117,2
57,119,19
57,121,17
57,122,9
57,125,11
57,126,4
57,127,5
57,128,17
57,129,16
57,130,8
57,134,11
57,136,13
57,137,7
57,138,16
57,140,5
57,141,16
57,142,3
57,143,14
57,144,15
57,145,11
57,146,3
57,147,17
57,150,17
57,151,15
57,152,18
57,153,3
57,154,16
57,155,19
57,157,17
57,158,5
57,159,4
58,59,2
58,60,3
58,61,8
58,62,15
58,63,3
58,64,3
58,65,12
58,66,14
58,67,11
58,68,1
58,69,5
58,72,20
58,73,14
58,74,18
58,75,20
58,76,1
58,77,17
58,78,1
58,79,9
58,80,17
58,81,6
58,83,12
58,85,3
58,86,19
58,87,2
58,88,13
58,89,3
58,90,5
58,91,1
58,93,10
58,94,20
58,95,1
58,96,2
58,98,10
58,99,15
58,100,15
58,101,10
58,102,11
58,103,3
58,105,1
58,106,15
58,107,9
58,108,10
58,110,9
58,111,8
58,112,13
58,114,17
58,115,2
58,116,18
58,117,16
58,118,1
58,119,18
58,120,18
58,121,10
58,122,19
58,124,4
58,125,7
58,129,17
58,130,3
58,131,18
58,132,16
58,133,13
58,134,7
58,135,17
58,136,4
58,137,9
58,138,17
58,139,19
58,141,19
58,142,5
58,143,20
58,144,7
58,145,13
58,146,14
58,147,14
58,148,12
58,149,15
58,150,19
58,151,7
58,152,12
58,155,7
58,156,11
58,157,12
58,158,12
58,159,20
59,60,14
59,62,17
59,63,11
59,64,14
59,68,1
59,69,6
59,70,4
59,72,5
59,73,16
59,74,15
59,75,9
59,76,14
59,77,20
59,78,16
59,79,6
59,80,12
59,81,16
59,82,3
59,83,10
59,85,20
59,86,2
59,87,7
59,88,19
59,89,12
59,90,14
59,91,14
59,93,19
59,94,19
59,95,10
59,96,15
59,97,20
59,98,15
59,99,10
59,100,1
59,101,17
59,102,3
59,103,8
59,104,4
59,105,16
59,106,12
59,108,8
59,110,10
59,111,11
59,112,3
59,113,17
59,114,5
59,115,8
59,117,6
59,118,12
59,119,12
59,120,20
59,121,15
59,123,20
59,124,3
59,127,4
59,128,16
59,129,15
59,131,16
59,132,18
59,133,14
59,135,10
59,136,6
59,137,2
59,138,18
59,139,13
59,142,19
59,143,20
59,144,15
59,145,13
59,146,4
59,148,10
59,150,3
59,151,11
59,152,20
59,153,12
59,154,5
59,155,5
59,158,20
59,159,6
60,61,3
60,62,11
60,64,6
60,65,4
60,67,16
60,68,5
60,69,3
60,70,1
60,71,13
60,73,8
60,74,7
60,75,15
60,76,14
60,77,5
60,79,7
60,80,10
60,81,18
60,82,4
60,83,2
60,84,8
60,86,7
60,87,11
60,88,8
60,90,16
60,91,4
60,92,14
60,93,10
60,94,11
60,95,12
60,96,10
60,97,11
60,98,13
60,99,20
60,102,14
60,103,2
60,104,10
60,105,5
60,106,9
60,107,7
60,108,7
60,111,5
60,112,6
60,113,12
60,114,9
60,115,1
60,116,15
60,117,12
60,118,8
60,119,6
60,120,9
60,121,9
60,122,15
60,123,17
60,124,20
60,125,6
60,126,9
60,127,6
60,128,18
60,129,12
60,131,11
60,132,3
60,134,20
60,135,14
60,137,6
60,138,19
60,139,5
60,140,3
60,141,19
60,142,17
60,143,13
60,145,19
60,147,19
60,148,20
60,149,9
60,150,9
60,151,7
60,152,4
60,153,20
60,155,6
60,156,4
60,157,1
60,159,7
61,62,20
61,63,16
61,64,19
61,66,8
61,67,10
61,68,11
61,70,14
61,71,8
61,72,11
61,73,14
61,74,8
61,75,11
61,76,19
61,77,13
61,78,8
61,81,4
61,83,4
61,85,9
61,86,13
61,87,16
61,88,19
61,90,9
61,91,8
61,92,2
61,93,10
61,96,15
61,97,19
61,98,17
61,99,19
61,100,20
61,101,3
61,102,20
61,103,5
61,104,8
61,105,6
61,106,9
61,107,13
61,108,4
61,112,12
61,113,19
61,114,14
61,115,5
61,116,9
61,117,1
61,119,11
61,120,11
61,121,19
61,122,11
61,123,10
61,125,6
61,126,12
61,127,17
61,128,16
61,129,15
61,130,8
61,132,15
61,133,3
61,134,15
61,135,17
61,138,2
61,139,8
61,140,8
61,141,16
61,142,11
61,143,17
61,144,15
61,145,7
61,146,11
61,147,14
61,149,11
61,150,4
61,151,13
61,152,13
61,153,19
61,154,19
61,155,12
61,156,5
61,157,6
61,158,9
61,159,5
62,64,12
62,65,11
62,66,3
62,67,18
62,68,19
62,69,8
62,70,15
62,73,14
62,74,20
62,76,6
62,77,1
62,78,13
62,79,7
62,80,17
62,81,15
62,82,1
62,84,16
62,85,13
62,87,19
62,88,11
62,90,11
62,91,12
62,92,17
62,93,19
62,94,5
62,95,5
62,96,4
62,97,5
62,98,6
62,99,7
62,100,1
62,101,19
62,104,20
62,105,12
62,108,5
62,109,14
62,111,5
62,112,17
62,113,1
62,114,17
62,115,9
62,116,16
62,117,13
62,118,3
62,119,11
62,120,17
62,121,10
62,123,8
62,124,6
62,125,15
62,126,3
62,127,8
62,129,5
62,131,9
62,132,3
62,133,11
62,134,3
62,135,15
62,136,12
62,137,7
62,138,5
62,141,6
62,142,2
62,143,7
62,144,7
62,145,9
62,146,7
62,147,11
62,149,9
62,151,4
62,152,9
62,155,19
62,157,14
62,159,4
63,65,15
63,66,7
63,67,16
63,69,1
63,70,6
63,71,14
63,74,11
63,75,2
63,76,19
63,77,16
63,78,1
63,79,12
63,80,1
63,82,1
63,83,7
63,85,2
63,86,18
63,88,17
63,89,6
63,92,6
63,93,10
63,94,15
63,95,11
63,96,18
63,97,17
63,98,18
63,99,5
63,100,1
63,102,5
63,103,2
63,104,15
63,105,18
63,107,9
63,108,17
63,109,18
63,110,18
63,111,19
63,112,20
63,113,7
63,114,3
63,115,17
63,116,14
63,117,14
63,118,8
63,121,11
63,123,4
63,124,8
63,126,11
63,127,19
63,128,13
63,130,2
63,131,17
63,132,15
63,133,19
63,134,20
63,135,16
63,136,17
63,137,10
63,139,15
63,140,12
63,141,13
63,142,3
63,144,20
63,145,17
63,146,7
63,147,16
63,148,8
63,149,8
63,150,8
63,151,16
63,152,7
63,153,10
63,154,12
63,155,17
63,156,7
63,157,18
63,158,2
63,159,19
64,65,11
64,67,19
64,68,14
64,69,9
64,70,4
64,71,10
64,72,17
64,73,19
64,74,6
64,75,8
64,76,5
64,77,18
64,80,3
64,81,17
64,83,11
64,84,12
64,85,7
64,86,8
64,87,2
64,88,19
64,89,11
64,90,1
64,92,3
64,93,10
64,94,8
64,95,3
64,96,13
64,97,1
64,98,12
64,99,16
64,100,5
64,101,11
64,102,3
64,103,10
64,106,9
64,107,8
64,108,2
64,109,15
64,110,19
64,111,16
64,113,12
64,114,11
64,115,15
64,116,7
64,117,18
64,119,12
64,120,9
64,121,12
64,122,3
64,125,6
64,126,17
64,127,1
64,129,18
64,130,1
64,131,13
64,132,5
64,133,1
64,134,11
64,135,16
64,136,4
64,137,11
64,140,2
64,141,16
64,142,18
64,143,10
64,144,9
64,145,10
64,146,4
64,147,8
64,149,13
64,151,5
64,154,13
64,155,6
64,156,15
64,157,10
64,158,11
64,159,13
65,66,6
65,68,18
65,69,9
65,71,14
65,72,2
65,73,15
65,75,8
65,77,14
65,78,6
65,79,5
65,80,4
65,81,1
65,82,19
65,83,16
65,84,2
65,85,6
65,87,18
65,89,10
65,91,1
65,92,4
65,93,14
65,94,7
65,99,11
65,100,3
65,103,4
65,104,16
65,107,19
65,108,4
65,110,3
65,111,17
65,112,19
65,113,14
65,116,5
65,117,5
65,118,12
65,119,20
65,120,5
65,122,17
65,123,16
65,124,13
65,127,13
65,128,4
65,129,3
65,130,3
65,132,11
65,133,18
65,135,5
65,136,10
65,137,10
65,138,11
65,141,2
65,143,7
65,144,1
65,145,19
65,146,18
65,149,8
65,151,11
65,152,5
65,153,7
65,154,5
65,155,5
65,156,19
65,157,11
65,158,12
65,159,9
66,67,7
66,68,7
66,69,16
66,71,7
66,72,7
66,73,2
66,74,6
66,75,2
66,76,14
66,78,11
66,79,17
66,80,10
66,81,1
66,82,19
66,83,3
66,84,5
66,85,11
66,86,16
66,87,19
66,88,12
66,90,11
66,91,8
66,93,17
66,94,17
66,97,16
66,98,6
66,99,16
66,100,14
66,102,5
66,104,5
66,106,5
66,107,13
66,108,17
66,109,14
66,110,6
66,111,18
66,113,17
66,115,16
66,116,9
66,117,11
66,118,1
66,119,7
66,121,9
66,123,14
66,124,5
66,125,18
66,128,16
66,129,3
66,130,20
66,131,12
66,132,5
66,133,17
66,134,14
66,135,13
66,136,6
66,137,12
66,139,1
66,140,16
66,141,11
66,144,4
66,145,9
66,146,3
66,148,10
66,149,8
66,150,5
66,151,16
66,153,14
66,155,6
66,156,12
66,157,8
66,158,7
66,159,20
67,68,10
67,70,13
67,71,20
67,72,20
67,73,19
67,74,8
67,75,14
67,77,2
67,79,18
67,80,14
67,81,4
67,82,3
67,83,16
67,84,6
67,85,16
67,86,9
67,87,8
67,88,2
67,90,5
67,91,2
67,92,10
67,93,9
67,94,5
67,95,7
67,96,5
67,99,4
67,100,3
67,101,12
67,103,7
67,105,10
67,106,2
67,107,8
67,108,14
67,109,7
67,110,20
67,111,10
67,112,12
67,113,2
67,114,6
67,115,18
67,116,9
67,117,7
67,118,2
67,119,4
67,121,12
67,123,18
67,124,15
67,126,1
67,127,2
67,128,6
67,129,20
67,131,2
67,132,18
67,133,9
67,134,19
67,135,4
67,136,18
67,137,16
67,139,14
67,140,3
67,141,6
67,142,14
67,143,18
67,145,20
67,147,6
67,148,2
67,149,13
67,150,18
67,151,18
67,152,14
67,156,10
67,157,19
67,158,11
67,159,19
68,69,15
68,70,5
68,71,3
68,72,7
68,73,20
68,75,5
68,76,15
68,78,7
68,79,15
68,81,2
68,82,7
68,83,20
68,84,19
68,85,15
68,86,7
68,87,13
68,88,4
68,90,1
68,91,4
68,92,4
68,93,12
68,94,8
68,96,13
68,97,6
68,98,17
68,99,15
68,100,4
68,101,2
68,102,10
68,104,4
68,105,18
68,107,9
68,108,10
68,109,14
68,110,2
68,111,9
68,112,5
68,113,20
68,114,1
68,118,15
68,119,20
68,120,4
68,121,15
68,122,14
68,123,13
68,124,7
68,125,12
68,126,20
68,128,19
68,129,12
68,130,17
68,131,7
68,133,20
68,134,15
68,135,6
68,138,4
68,139,7
68,142,3
68,143,14
68,144,19
68,147,14
68,148,10
68,149,6
68,150,11
68,151,19
68,152,12
68,154,13
68,155,11
68,156,19
68,157,10
68,158,10
69,70,1
69,71,7
69,72,8
69,73,1
69,74,4
69,75,20
69,76,12
69,77,19
69,79,2
69,80,5
69,81,14
69,82,13
69,84,20
69,86,6
69,88,8
69,89,3
69,90,12
69,91,10
69,92,16
69,95,17
69,96,15
69,97,15
69,98,12
69,99,1
69,100,8
69,101,12
69,102,2
69,103,8
69,104,8
69,105,14
69,106,19
69,107,8
69,108,1
69,109,12
69,110,1
69,111,11
69,112,6
69,113,13
69,114,5
69,117,15
69,118,18
69,119,8
69,121,11
69,123,17
69,124,8
69,125,11
69,126,3
69,127,1
69,128,15
69,129,10
69,130,3
69,131,19
69,132,14
69,133,17
69,136,7
69,137,16
69,138,4
69,139,11
69,140,8
69,141,19
69,142,19
69,143,20
69,144,17
69,145,4
69,146,6
69,147,13
69,148,2
69,149,10
69,150,11
69,151,10
69,152,12
69,153,12
69,155,6
69,156,17
69,157,5
69,158,3
70,72,2
70,73,11
70,74,19
70,75,9
70,76,2
70,77,11
70,78,1
70,79,13
70,80,3
70,82,10
70,83,14
70,84,6
70,85,16
70,86,3
70,87,17
70,89,18
70,90,10
70,91,3
70,93,5
70,94,20
70,95,7
70,96,18
70,97,13
70,99,12
70,102,1
70,104,12
70,105,10
70,107,20
70,108,16
70,109,5
70,110,10
70,111,12
70,113,16
70,114,3
70,115,10
70,116,3
70,117,7
70,118,11
70,119,18
70,121,13
70,123,3
70,124,16
70,125,7
70,127,7
70,128,11
70,130,5
70,131,6
70,132,16
70,134,10
70,137,3
70,138,3
70,139,12
70,140,7
70,141,1
70,142,4
70,143,3
70,144,19
70,146,8
70,147,12
70,148,4
70,149,15
70,150,3
70,151,2
70,153,13
70,154,13
70,156,18
70,157,17
71,72,18
71,73,13
71,74,3
71,75,18
71,76,11
71,77,5
71,78,7
71,79,13
71,80,6
71,81,12
71,82,11
71,83,6
71,84,4
71,85,9
71,86,4
71,88,19
71,89,11
71,91,4
71,92,4
71,93,17
71,94,15
71,95,9
71,96,8
71,97,2
71,98,4
71,99,10
71,100,16
71,101,9
71,102,20
71,104,2
71,105,7
71,106,6
71,107,16
71,109,12
71,110,9
71,111,12
71,112,5
71,113,17
71,114,20
71,116,8
71,118,5
71,120,16
71,121,16
71,123,4
71,124,15
71,125,11
71,126,19
71,127,7
71,128,4
71,130,2
71,131,1
71,132,13
71,133,1
71,135,5
71,136,15
71,137,4
71,138,9
71,139,3
71,140,5
71,141,20
71,142,13
71,143,14
71,144,11
71,145,5
71,146,6
71,147,7
71,148,4
71,149,16
71,150,19
71,151,17
71,152,17
71,153,5
71,154,18
71,155,20
71,156,16
71,159,19
72,73,14
72,74,6
72,76,1
72,77,12
72,78,2
72,81,9
72,82,9
72,83,5
72,84,11
72,85,10
72,86,6
72,89,7
72,91,8
72,92,13
72,93,16
72,94,18
72,95,7
72,97,3
72,98,11
72,99,8
72,100,1
72,104,18
72,105,11
72,106,19
72,107,20
72,108,20
72,109,11
72,111,7
72,112,17
72,113,7
72,114,16
72,115,5
72,116,2
72,117,18
72,118,20
72,119,20
72,120,13
72,121,11
72,122,15
72,124,4
72,125,14
72,126,7
72,127,3
72,128,16
72,129,17
72,130,1
72,132,16
72,133,17
72,134,4
72,135,10
72,136,19
72,137,11
72,139,1
72,140,11
72,141,3
72,142,19
72,143,16
72,144,7
72,145,12
72,146,20
72,147,3
72,148,1
72,151,6
72,154,1
72,156,1
73,75,20
73,76,13
73,77,8
73,78,8
73,79,7
73,80,16
73,82,13
73,85,7
73,86,10
73,87,6
73,88,12
73,89,20
73,91,13
73,92,9
73,93,20
73,94,10
73,96,8
73,97,8
73,98,20
73,99,16
73,100,13
73,101,11
73,104,4
73,106,11
73,107,20
73,108,3
73,109,7
73,110,9
73,111,14
73,112,18
73,113,12
73,114,7
73,115,17
73,116,6
73,117,5
73,118,17
73,119,17
73,120,3
73,121,12
73,122,16
73,123,3
73,124,18
73,125,2
73,127,3
73,128,4
73,129,4
73,130,14
73,131,8
73,132,1
73,134,10
73,136,20
73,137,12
73,138,13
73,139,20
73,140,4
73,141,4
73,142,3
73,146,2
73,151,7
73,153,14
73,154,13
73,155,5
73,156,11
73,158,1
73,159,6
74,75,12
74,77,3
74,78,8
74,79,10
74,80,6
74,81,19
74,82,15
74,83,5
74,84,20
74,85,1
74,86,8
74,88,14
74,90,11
74,91,3
74,92,4
74,94,6
74,96,6
74,97,9
74,98,11
74,100,16
74,101,18
74,102,16
74,103,16
74,104,12
74,105,5
74,106,2
74,107,18
74,108,12
74,109,3
74,110,17
74,111,20
74,112,13
74,114,3
74,115,19
74,116,12
74,117,9
74,118,12
74,119,17
74,121,3
74,122,11
74,123,11
74,124,17
74,125,10
74,126,1
74,129,20
74,130,14
74,131,1
74,132,14
74,133,2
74,134,6
74,136,5
74,137,9
74,138,16
74,140,19
74,141,20
74,142,6
74,143,12
74,144,12
74,146,8
74,147,19
74,148,6
74,149,5
74,150,6
74,151,1
74,152,18
74,153,20
74,155,5
74,156,10
74,158,6
75,76,13
75,79,4
75,82,17
75,83,10
75,85,3
75,86,6
75,87,10
75,88,17
75,89,12
75,90,6
75,91,4
75,92,10
75,93,4
75,95,14
75,96,14
75,97,2
75,99,11
75,100,7
75,101,20
75,102,20
75,103,10
75,104,19
75,105,18
75,106,5
75,107,10
75,108,18
75,109,20
75,110,5
75,111,10
75,112,9
75,113,19
75,114,13
75,115,10
75,117,8
75,118,17
75,119,8
75,120,9
75,121,14
75,122,1
75,123,20
75,125,19
75,126,14
75,127,5
75,128,3
75,129,2
75,131,7
75,132,13
75,133,8
75,134,2
75,135,7
75,136,5
75,137,20
75,138,2
75,139,4
75,140,12
75,141,15
75,142,11
75,143,6
75,144,10
75,145,5
75,147,3
75,148,17
75,150,4
75,151,15
75,152,7
75,154,19
75,155,14
75,156,8
75,157,6
75,158,15
75,159,7
76,78,1
76,79,10
76,82,2
76,83,7
76,84,1
76,86,4
76,88,10
76,89,14
76,90,20
76,91,17
76,92,17
76,94,6
76,95,16
76,97,9
76,98,7
76,99,11
76,101,15
76,102,17
76,103,19
76,104,6
76,105,2
76,106,18
76,107,15
76,108,13
76,109,11
76,110,17
76,111,7
76,113,6
76,115,1
76,116,12
76,118,14
76,120,17
76,121,19
76,122,9
76,124,7
76,125,8
76,126,15
76,127,7
76,128,14
76,130,19
76,131,13
76,132,13
76,133,19
76,134,12
76,135,11
76,136,1
76,137,11
76,138,5
76,139,12
76,140,5
76,141,11
76,142,19
76,143,3
76,144,11
76,145,17
76,147,7
76,148,16
76,149,11
76,151,13
76,152,5
76,153,18
76,156,4
76,157,14
76,158,13
76,159,7
77,78,12
77,79,5
77,80,2
77,81,16
77,82,12
77,83,8
77,84,19
77,85,9
77,86,1
77,87,18
77,88,1
77,90,18
77,92,8
77,93,18
77,94,11
77,95,9
77,96,14
77,97,1
77,98,7
77,99,7
77,100,4
77,101,9
77,102,9
77,103,8
77,104,3
77,106,2
77,108,13
77,109,16
77,110,20
77,111,1
77,112,3
77,113,9
77,115,19
77,116,19
77,118,7
77,120,17
77,121,20
77,122,3
77,123,9
77,126,14
77,127,14
77,128,1
77,129,3
77,130,16
77,131,17
77,132,4
77,133,11
77,134,19
77,135,2
77,136,13
77,137,2
77,138,8
77,140,16
77,143,13
77,145,19
77,146,8
77,150,14
77,152,1
77,153,16
77,154,11
77,156,14
77,157,12
77,159,18
78,79,17
78,81,13
78,82,8
78,83,6
78,84,1
78,85,6
78,86,16
78,87,9
78,88,7
78,89,12
78,90,19
78,91,18
78,92,13
78,93,15
78,94,4
78,95,10
78,96,1
78,97,16
78,98,11
78,99,2
78,100,19
78,102,5
78,103,11
78,104,4
78,105,18
78,106,17
78,107,4
78,109,10
78,110,6
78,111,12
78,113,1
78,114,3
78,116,12
78,117,4
78,118,4
78,119,5
78,120,7
78,122,4
78,123,7
78,124,20
78,125,18
78,127,15
78,129,20
78,130,11
78,131,8
78,132,15
78,133,17
78,134,15
78,135,11
78,136,5
78,137,2
78,138,2
78,139,20
78,140,19
78,141,3
78,142,1
78,144,8
78,147,12
78,148,5
78,149,7
78,150,6
78,151,13
78,152,15
78,153,16
78,154,11
78,155,3
78,159,3
79,80,15
79,81,9
79,82,10
79,83,5
79,84,17
79,85,14
79,86,16
79,87,13
79,88,18
79,89,6
79,90,3
79,91,17
79,92,13
79,93,14
79,95,10
79,96,2
79,97,16
79,99,16
79,100,4
79,101,1
79,102,9
79,105,6
79,106,13
79,107,16
79,108,13
79,109,2
79,110,17
79,111,16
79,113,4
79,114,20
79,115,17
79,116,1
79,117,5
79,118,6
79,119,9
79,120,3
79,121,11
79,122,5
79,123,11
79,124,19
79,126,15
79,130,15
79,131,9
79,132,3
79,133,12
79,134,3
79,135,10
79,137,15
79,139,11
79,140,9
79,141,15
79,142,9
79,144,2
79,145,16
79,146,7
79,147,15
79,150,8
79,152,1
79,154,1
79,155,10
79,156,1
79,158,6
79,159,20
80,81,4
80,82,8
80,83,15
80,84,9
80,86,3
80,87,8
80,88,10
80,89,13
80,90,11
80,91,11
80,92,2
80,93,14
80,95,18
80,96,15
80,97,5
80,99,15
80,100,3
80,101,3
80,102,3
80,105,7
80,107,12
80,108,16
80,109,19
80,110,12
80,111,14
80,112,18
80,114,7
80,116,15
80,118,7
80,121,10
80,122,16
80,123,18
80,124,17
80,125,1
80,126,14
80,127,8
80,128,18
80,132,8
80,134,19
80,135,16
80,136,3
80,137,9
80,138,10
80,140,12
80,141,5
80,143,5
80,144,4
80,146,1
80,147,13
80,148,10
80,151,20
80,152,20
80,153,11
80,154,10
80,155,1
80,156,8
80,157,17
80,158,20
80,159,5
81,82,16
81,83,17
81,85,4
81,86,2
81,88,20
81,89,20
81,90,4
81,91,12
81,92,1
81,93,1
81,94,9
81,95,19
81,96,1
81,97,1
81,98,20
81,99,7
81,100,5
81,101,9
81,102,2
81,103,8
81,104,18
81,106,14
81,107,3
81,109,9
81,110,1
81,111,2
81,112,15
81,113,5
81,115,6
81,116,4
81,117,10
81,118,7
81,119,9
81,120,8
81,121,11
81,122,19
81,123,19
81,124,20
81,125,2
81,126,1
81,128,2
81,129,1
81,130,17
81,131,13
81,132,20
81,134,14
81,136,11
81,137,13
81,140,1
81,142,1
81,143,16
81,144,16
81,148,2
81,150,4
81,151,19
81,152,2
81,153,15
81,154,5
81,155,17
81,157,1
81,158,19
81,159,12
82,83,17
82,84,18
82,85,10
82,86,14
82,87,12
82,88,20
82,89,17
82,90,3
82,92,2
82,93,8
82,95,17
82,96,9
82,97,13
82,98,20
82,99,3
82,100,7
82,101,12
82,102,19
82,103,4
82,104,11
82,105,6
82,106,6
82,107,12
82,108,5
82,109,8
82,111,2
82,112,10
82,113,1
82,115,11
82,116,7
82,117,16
82,118,11
82,119,8
82,120,18
82,121,18
82,122,19
82,123,5
82,124,18
82,125,4
82,126,15
82,127,9
82,128,13
82,129,18
82,130,18
82,131,1
82,132,1
82,133,15
82,134,10
82,135,18
82,136,1
82,140,1
82,141,4
82,142,14
82,143,15
82,144,17
82,146,6
82,147,19
82,148,6
82,150,20
82,151,2
82,152,15
82,153,14
82,154,18
82,155,17
82,158,13
83,84,14
83,85,9
83,86,16
83,87,18
83,88,15
83,89,20
83,90,14
83,91,14
83,93,5
83,94,2
83,95,3
83,98,13
83,99,1
83,101,5
83,102,15
83,103,15
83,104,10
83,105,20
83,106,14
83,107,19
83,108,11
83,109,17
83,110,7
83,111,15
83,112,17
83,113,13
83,114,18
83,115,18
83,116,12
83,117,19
83,119,5
83,120,17
83,121,2
83,124,18
83,125,17
83,126,15
83,127,5
83,128,20
83,129,8
83,130,8
83,131,13
83,132,7
83,133,17
83,134,14
83,135,11
83,136,14
83,137,4
83,138,11
83,139,9
83,140,20
83,141,12
83,142,16
83,143,19
83,144,18
83,145,6
83,146,14
83,148,20
83,149,20
83,150,17
83,151,6
83,152,9
83,153,19
83,154,13
83,155,11
83,156,4
83,157,1
83,158,4
83,159,13
84,85,15
84,86,20
84,87,20
84,88,20
84,90,7
84,91,11
84,93,15
84,94,7
84,95,7
84,96,12
84,98,7
84,99,8
84,100,2
84,101,17
84,103,8
84,104,12
84,106,6
84,108,9
84,109,13
84,110,14
84,112,15
84,113,9
84,114,12
84,116,13
84,117,15
84,118,6
84,119,16
84,120,6
84,121,8
84,123,2
84,124,11
84,127,14
84,128,14
84,129,17
84,131,16
84,132,19
84,133,6
84,134,20
84,135,6
84,137,13
84,139,6
84,140,8
84,141,5
84,142,2
84,143,7
84,144,18
84,145,6
84,146,16
84,148,3
84,149,2
84,150,5
84,151,1
84,152,10
84,154,20
84,155,8
84,157,14
84,158,2
84,159,19
85,87,16
85,88,4
85,89,20
85,90,18
85,91,12
85,92,19
85,93,14
85,94,15
85,95,15
85,96,5
85,97,18
85,98,16
85,99,1
85,100,3
85,101,19
85,102,7
85,103,16
85,104,8
85,105,19
85,106,11
85,107,2
85,108,12
85,109,10
85,111,3
85,113,16
85,114,4
85,115,15
85,116,5
85,117,10
85,119,8
85,120,4
85,121,13
85,122,8
85,123,19
85,124,19
85,125,9
85,126,8
85,127,15
85,128,13
85,129,12
85,130,12
85,131,1
85,132,1
85,133,8
85,134,9
85,135,15
85,136,14
85,137,9
85,138,17
85,139,2
85,140,1
85,141,4
85,142,8
85,143,16
85,144,19
85,146,17
85,147,6
85,148,16
85,149,4
85,150,8
85,152,20
85,153,20
85,154,19
85,155,11
85,156,7
85,157,15
86,87,11
86,88,19
86,89,20
86,92,2
86,93,5
86,94,4
86,95,11
86,97,11
86,98,15
86,100,9
86,102,9
86,103,1
86,104,11
86,105,20
86,106,7
86,107,2
86,108,9
86,109,4
86,110,5
86,112,20
86,113,19
86,114,1
86,115,7
86,116,15
86,118,16
86,119,19
86,120,4
86,121,7
86,122,8
86,123,7
86,125,8
86,126,14
86,127,20
86,128,16
86,129,14
86,131,12
86,133,2
86,134,16
86,135,18
86,136,14
86,137,7
86,138,4
86,139,13
86,140,18
86,141,14
86,142,6
86,143,6
86,144,20
86,145,16
86,146,4
86,147,7
86,148,6
86,149,16
86,150,18
86,152,1
86,153,17
86,154,11
86,155,13
86,156,9
86,157,19
86,158,20
87,88,19
87,89,12
87,90,18
87,91,16
87,92,9
87,93,16
87,94,15
87,95,15
87,97,10
87,98,12
87,99,1
87,100,8
87,101,14
87,102,9
87,103,18
87,105,2
87,106,9
87,107,19
87,108,11
87,109,10
87,110,11
87,111,8
87,113,14
87,114,10
87,115,19
87,116,7
87,117,13
87,118,18
87,120,14
87,121,3
87,123,9
87,124,2
87,125,15
87,127,4
87,128,17
87,130,6
87,131,10
87,132,17
87,134,14
87,135,12
87,137,16
87,138,15
87,139,1
87,140,14
87,141,5
87,142,19
87,143,7
87,144,19
87,145,8
87,146,16
87,147,14
87,150,20
87,151,1
87,153,10
87,154,7
87,155,17
87,156,9
87,157,15
87,158,7
88,89,8
88,92,7
88,93,14
88,94,10
88,95,11
88,96,4
88,97,1
88,98,18
88,99,2
88,101,9
88,102,11
88,103,16
88,104,19
88,105,4
88,107,11
88,108,1
88,109,18
88,110,7
88,111,10
88,112,1
88,113,12
88,114,7
88,116,17
88,117,7
88,118,9
88,119,10
88,120,7
88,121,1
88,122,5
88,123,5
88,124,3
88,125,19
88,126,13
88,127,7
88,128,12
88,129,19
88,130,8
88,132,13
88,134,10
88,135,11
88,136,12
88,137,13
88,138,14
88,139,16
88,144,13
88,145,11
88,146,16
88,149,2
88,150,19
88,151,12
88,152,8
88,153,19
88,154,17
88,155,17
88,157,8
88,159,13
89,91,9
89,92,12
89,93,2
89,94,2
89,95,14
89,96,15
89,98,14
89,99,6
89,100,16
89,101,3
89,102,7
89,103,8
89,104,17
89,105,4
89,107,2
89,108,15
89,109,5
89,110,4
89,112,7
89,113,7
89,115,12
89,116,17
89,117,5
89,118,12
89,119,4
89,121,18
89,123,19
89,124,12
89,125,16
89,126,19
89,127,20
89,128,5
89,129,3
89,130,12
89,131,8
89,133,7
89,134,11
89,135,18
89,137,20
89,138,12
89,140,16
89,141,2
89,142,3
89,143,11
89,144,9
89,145,7
89,146,1
89,147,19
89,148,17
89,153,6
89,155,17
89,156,12
89,158,8
89,159,19
90,91,15
90,92,19
90,93,10
90,95,2
90,96,15
90,97,6
90,98,18
90,99,2
90,100,8
90,101,3
90,102,14
90,104,16
90,105,18
90,106,18
90,107,4
90,108,12
90,109,13
90,110,2
90,111,17
90,112,2
90,113,16
90,114,13
90,116,17
90,117,13
90,118,10
90,119,20
90,120,20
90,121,7
90,122,3
90,123,5
90,124,1
90,126,18
90,127,9
90,130,10
90,131,5
90,133,4
90,135,4
90,136,6
90,137,19
90,138,12
90,139,2
90,140,5
90,141,17
90,142,14
90,143,13
90,144,13
90,145,20
90,146,6
90,147,8
90,148,4
90,149,11
90,150,18
90,151,11
90,152,15
90,153,13
90,155,14
90,156,3
90,157,11
90,158,13
90,159,20
91,93,7
91,94,4
91,95,1
91,96,9
91,99,10
91,100,16
91,101,6
91,102,16
91,104,4
91,105,18
91,106,14
91,108,9
91,109,6
91,110,3
91,111,10
91,112,18
91,115,4
91,116,6
91,117,8
91,118,2
91,119,3
91,120,10
91,123,5
91,124,7
91,125,13
91,126,13
91,127,1
91,129,20
91,131,16
91,132,6
91,133,3
91,135,7
91,137,1
91,138,1
91,139,10
91,140,17
91,141,18
91,142,10
91,143,4
91,144,15
91,145,17
91,146,16
91,147,13
91,148,6
91,149,19
91,150,18
91,151,10
91,153,10
91,154,11
91,155,17
91,156,15
91,157,13
91,158,10
91,159,19
92,93,16
92,94,11
92,96,5
92,97,13
92,98,7
92,99,7
92,100,13
92,101,10
92,102,3
92,103,10
92,104,3
92,105,7
92,106,14
92,107,5
92,109,12
92,110,20
92,112,18
92,113,7
92,114,5
92,116,19
92,118,6
92,119,4
92,120,20
92,121,1
92,122,4
92,124,7
92,125,11
92,126,4
92,128,20
92,131,12
92,132,20
92,134,13
92,135,4
92,136,6
92,138,14
92,139,5
92,140,12
92,141,20
92,142,17
92,143,7
92,144,13
92,145,13
92,148,4
92,149,17
92,150,4
92,151,15
92,152,19
92,153,14
92,154,6
92,157,16
92,158,14
92,159,18
93,94,16
93,95,1
93,96,15
93,97,6
93,98,7
93,99,19
93,100,16
93,101,13
93,102,13
93,103,12
93,104,13
93,105,13
93,106,6
93,107,15
93,108,5
93,109,7
93,110,5
93,111,9
93,112,7
93,114,4
93,115,6
93,116,6
93,118,5
93,119,7
93,120,20
93,121,9
93,122,20
93,124,20
93,125,12
93,126,12
93,127,2
93,128,20
93,129,11
93,130,11
93,132,6
93,133,8
93,134,2
93,135,4
93,137,19
93,139,20
93,140,16
93,141,5
93,142,17
93,144,14
93,145,12
93,146,15
93,147,5
93,148,5
93,149,5
93,150,7
93,151,6
93,152,11
93,153,18
93,154,12
93,155,15
93,156,7
93,158,15
93,159,13
94,95,18
94,96,20
94,97,1
94,98,20
94,99,20
94,100,9
94,101,13
94,102,3
94,103,16
94,104,17
94,105,6
94,106,5
94,107,9
94,108,7
94,109,11
94,110,12
94,111,12
94,112,4
94,113,3
94,114,15
94,116,4
94,117,15
94,118,10
94,119,12
94,122,3
94,123,6
94,124,2
94,125,8
94,126,7
94,127,10
94,128,9
94,129,6
94,130,14
94,131,15
94,132,4
94,134,8
94,135,2
94,137,12
94,138,12
94,139,12
94,141,18
94,143,5
94,145,20
94,146,11
94,147,7
94,148,12
94,149,6
94,150,13
94,151,11
94,152,18
94,155,7
94,156,11
94,157,18
94,159,18
95,96,2
95,97,19
95,98,3
95,99,11
95,100,16
95,102,16
95,103,1
95,105,5
95,106,4
95,107,14
95,108,19
95,109,13
95,110,4
95,111,12
95,112,19
95,113,14
95,114,2
95,115,2
95,116,12
95,117,7
95,118,9
95,119,11
95,121,3
95,122,15
95,124,9
95,125,20
95,126,18
95,127,7
95,128,9
95,129,8
95,131,18
95,134,13
95,135,3
95,136,10
95,137,15
95,139,8
95,140,1
95,141,3
95,142,10
95,143,20
95,144,2
95,145,7
95,146,4
95,147,15
95,148,4
95,149,2
95,150,17
95,151,18
95,152,19
95,153,14
95,154,10
95,156,19
95,157,11
95,158,11
95,159,20
96,97,4
96,98,6
96,99,16
96,100,13
96,103,12
96,105,6
96,108,6
96,113,13
96,114,7
96,115,7
96,116,20
96,118,6
96,119,5
96,120,6
96,121,13
96,122,17
96,123,1
96,124,1
96,125,19
96,126,2
96,127,9
96,128,2
96,129,8
96,130,3
96,131,2
96,132,2
96,133,18
96,134,7
96,136,6
96,137,14
96,138,6
96,139,7
96,140,5
96,141,11
96,142,11
96,143,12
96,145,10
96,146,15
96,147,15
96,148,2
96,149,17
96,150,14
96,151,18
96,152,13
96,154,12
96,155,9
96,156,16
96,158,12
97,98,3
97,99,2
97,100,5
97,101,11
97,102,18
97,103,9
97,106,9
97,108,17
97,110,13
97,113,10
97,115,18
97,116,16
97,117,18
97,118,12
97,119,18
97,120,5
97,122,16
97,123,4
97,124,2
97,125,20
97,128,8
97,129,20
97,130,15
97,132,8
97,133,9
97,134,3
97,136,20
97,137,10
97,138,17
97,139,19
97,140,10
97,141,2
97,142,2
97,144,4
97,145,15
97,146,14
97,147,7
97,148,1
97,150,4
97,151,11
97,152,3
97,155,10
97,156,14
97,157,6
97,158,5
97,159,1
98,99,17
98,100,1
98,101,10
98,102,10
98,103,2
98,105,9
98,107,18
98,108,1
98,109,17
98,110,8
98,111,19
98,112,9
98,114,18
98,115,11
98,117,8
98,120,19
98,121,9
98,122,3
98,123,3
98,124,1
98,125,3
98,126,19
98,127,12
98,128,19
98,129,11
98,130,4
98,132,1
98,133,16
98,134,4
98,137,10
98,139,7
98,142,15
98,144,13
98,145,5
98,146,11
98,147,5
98,148,15
98,149,18
98,150,2
98,152,17
98,155,18
98,156,13
98,157,2
98,158,18
98,159,18
99,100,16
99,101,18
99,103,19
99,104,11
99,105,17
99,106,15
99,107,17
99,108,14
99,109,20
99,110,19
99,111,3
99,112,19
99,113,14
99,115,2
99,116,19
99,117,7
99,118,17
99,119,19
99,120,7
99,121,6
99,122,11
99,124,1
99,125,2
99,126,10
99,128,18
99,129,12
99,130,12
99,131,7
99,133,8
99,134,14
99,135,1
99,136,14
99,139,11
99,140,18
99,141,5
99,142,17
99,143,4
99,144,17
99,146,2
99,149,15
99,150,17
99,151,4
99,152,4
99,153,15
99,154,5
99,155,12
99,156,3
99,157,18
99,158,4
99,159,9
100,101,1
100,102,12
100,103,18
100,104,19
100,106,5
100,107,13
100,108,4
100,109,4
100,110,19
100,111,9
100,112,12
100,113,14
100,114,1
100,115,12
100,117,12
100,118,4
100,119,11
100,120,7
100,122,12
100,123,20
100,124,11
100,125,11
100,126,17
100,127,17
100,128,4
100,129,7
100,130,14
100,132,18
100,133,5
100,134,19
100,135,11
100,136,4
100,137,14
100,138,8
100,139,9
100,140,17
100,141,20
100,142,17
100,143,14
100,144,7
100,145,11
100,146,3
100,148,5
100,149,11
100,150,11
100,151,20
100,154,14
100,156,11
100,157,15
100,158,1
100,159,9
101,102,3
101,104,19
101,105,1
101,106,10
101,107,9
101,108,18
101,109,2
101,110,10
101,111,12
101,112,15
101,113,1
101,114,18
101,115,14
101,116,13
101,117,2
101,118,16
101,119,19
101,120,5
101,121,11
101,122,12
101,123,8
101,125,20
101,126,2
101,127,6
101,128,10
101,129,3
101,131,17
101,132,15
101,134,19
101,135,20
101,136,18
101,139,20
101,140,8
101,141,12
101,142,10
101,143,1
101,144,3
101,146,4
101,147,5
101,148,12
101,149,11
101,150,9
101,151,18
101,152,11
101,154,15
101,155,11
101,156,1
101,157,17
101,159,9
102,103,18
102,104,17
102,105,19
102,107,15
102,109,8
102,111,14
102,112,3
102,113,11
102,114,4
102,115,11
102,117,8
102,120,17
102,121,15
102,122,3
102,123,7
102,124,14
102,125,5
102,127,16
102,128,18
102,129,1
102,132,12
102,133,18
102,134,11
102,135,9
102,136,17
102,137,11
102,138,9
102,139,10
102,140,14
102,141,11
102,142,18
102,143,3
102,144,6
102,146,19
102,147,13
102,148,18
102,149,8
102,151,18
102,152,11
102,153,17
102,154,13
102,155,9
102,156,1
102,157,9
102,158,10
102,159,4
103,105,13
103,106,18
103,107,1
103,109,13
103,111,19
103,112,3
103,113,17
103,114,17
103,115,5
103,116,17
103,118,14
103,119,3
103,120,4
103,121,5
103,122,16
103,123,17
103,124,17
103,125,2
103,126,2
103,127,1
103,128,10
103,129,11
103,130,7
103,132,14
103,133,14
103,134,13
103,135,9
103,136,14
103,137,3
103,138,16
103,139,1
103,140,2
103,142,12
103,143,14
103,144,2
103,146,18
103,147,20
103,148,14
103,150,9
103,151,9
103,153,6
103,154,15
103,156,18
103,157,3
104,105,10
104,106,4
104,107,17
104,108,10
104,109,8
104,111,18
104,112,7
104,113,20
104,115,8
104,116,4
104,117,16
104,118,5
104,119,2
104,120,9
104,121,13
104,122,6
104,123,3
104,124,5
104,125,8
104,127,19
104,128,2
104,129,3
104,130,18
104,131,7
104,133,7
104,134,2
104,135,20
104,136,19
104,138,18
104,139,3
104,140,14
104,141,9
104,142,2
104,143,13
104,145,20
104,146,18
104,147,7
104,148,4
104,149,4
104,151,2
104,152,19
104,154,15
104,155,11
104,156,9
104,157,6
104,158,5
104,159,18
105,106,10
105,107,2
105,108,16
105,111,11
105,112,12
105,113,9
105,114,19
105,116,5
105,117,13
105,118,17
105,119,19
105,121,19
105,123,19
105,124,10
105,125,18
105,127,3
105,128,15
105,129,7
105,130,3
105,132,11
105,133,18
105,134,3
105,135,1
105,136,15
105,137,1
105,138,18
105,139,13
105,140,4
105,141,10
105,143,5
105,144,7
105,145,10
105,146,12
105,147,19
105,148,5
105,149,4
105,151,20
105,152,7
105,154,19
105,155,12
105,156,16
105,157,12
105,158,7
105,159,17
106,107,10
106,108,14
106,109,10
106,110,3
106,111,18
106,112,5
106,113,14
106,114,14
106,115,15
106,116,8
106,117,3
106,118,1
106,119,12
106,120,18
106,121,17
106,122,3
106,123,4
106,124,20
106,125,17
106,126,17
106,127,1
106,129,16
106,130,16
106,131,7
106,132,10
106,133,2
106,135,6
106,136,7
106,138,20
106,139,5
106,142,9
106,143,2
106,144,17
106,145,17
106,147,14
106,148,12
106,149,11
106,152,16
106,153,17
106,154,15
106,155,15
106,156,8
106,157,6
107,108,9
107,111,16
107,112,17
107,113,20
107,114,10
107,115,6
107,116,17
107,117,4
107,118,9
107,119,9
107,120,3
107,122,6
107,123,15
107,124,3
107,125,20
107,126,18
107,127,2
107,128,11
107,129,1
107,130,9
107,131,10
107,132,14
107,133,17
107,135,5
107,136,12
107,137,19
107,138,16
107,139,17
107,140,20
107,142,15
107,144,19
107,145,13
107,146,5
107,147,20
107,149,5
107,150,9
107,151,12
107,152,14
107,154,15
107,155,12
107,156,12
107,158,17
107,159,1
108,109,5
108,110,1
108,111,13
108,112,10
108,114,4
108,115,13
108,116,15
108,120,18
108,122,15
108,123,8
108,125,14
108,126,2
108,127,5
108,129,7
108,131,12
108,132,1
108,134,7
108,136,6
108,137,14
108,138,4
108,139,12
108,141,10
108,142,1
108,143,14
108,144,4
108,145,7
108,147,6
108,148,14
108,149,10
108,150,6
108,152,19
108,153,20
108,154,1
108,155,12
108,156,20
108,157,4
108,159,8
109,112,11
109,114,14
109,115,10
109,116,3
109,118,13
109,119,4
109,120,8
109,121,6
109,123,4
109,124,2
109,126,16
109,127,1
109,128,12
109,129,10
109,131,12
109,132,14
109,133,14
109,134,19
109,135,8
109,136,5
109,137,6
109,138,20
109,140,17
109,142,9
109,143,9
109,144,3
109,146,9
109,147,20
109,150,9
109,151,7
109,152,17
109,153,10
109,155,4
109,156,9
109,157,11
109,159,17
110,112,16
110,113,19
110,114,1
110,115,3
110,117,6
110,118,1
110,119,10
110,120,8
110,121,20
110,122,18
110,123,5
110,124,4
110,126,8
110,128,12
110,130,4
110,132,14
110,133,13
110,135,11
110,136,4
110,137,13
110,139,19
110,140,13
110,141,14
110,142,19
110,143,8
110,144,16
110,145,13
110,146,3
110,147,3
110,148,11
110,149,17
110,150,19
110,152,19
110,154,15
110,155,4
110,157,14
110,158,7
110,159,19
111,112,3
111,114,10
111,115,7
111,116,10
111,117,3
111,118,5
111,119,1
111,120,13
111,121,5
111,122,20
111,124,13
111,125,11
111,126,11
111,128,18
111,131,13
111,132,3
111,133,19
111,134,11
111,135,5
111,137,16
111,139,16
111,140,8
111,141,5
111,142,20
111,143,18
111,144,9
111,145,15
111,146,7
111,147,7
111,148,2
111,149,18
111,150,19
111,151,8
111,152,15
111,153,11
111,154,10
111,155,15
111,156,17
111,157,8
111,158,2
111,159,7
112,113,11
112,115,2
112,117,3
112,118,4
112,119,3
112,120,9
112,123,13
112,124,9
112,125,5
112,126,7
112,127,12
112,128,1
112,129,16
112,130,9
112,131,4
112,133,18
112,134,10
112,135,18
112,136,9
112,138,15
112,140,10
112,141,18
112,142,6
112,143,5
112,144,18
112,145,20
112,146,17
112,147,18
112,150,13
112,151,16
112,152,9
112,154,16
112,155,16
112,156,13
112,158,9
112,159,20
113,114,19
113,115,2
113,116,10
113,117,10
113,118,20
113,119,13
113,120,14
113,121,17
113,122,8
113,123,12
113,124,7
113,125,2
113,126,10
113,127,1
113,128,9
113,129,7
113,130,17
113,132,10
113,133,11
113,134,14
113,135,15
113,137,6
113,138,2
113,139,15
113,140,5
113,141,1
113,142,15
113,143,9
113,144,13
113,145,17
113,146,20
113,147,18
113,150,10
113,152,8
113,154,18
113,155,1
113,156,12
113,158,12
113,159,6
114,116,2
114,118,13
114,119,17
114,120,4
114,121,18
114,123,7
114,124,13
114,125,17
114,126,2
114,127,8
114,128,11
114,129,11
114,130,16
114,131,3
114,132,20
114,133,1
114,134,2
114,135,2
114,136,11
114,138,4
114,139,1
114,140,17
114,142,12
114,143,8
114,144,20
114,145,17
114,146,12
114,147,4
114,148,9
114,150,1
114,151,3
114,152,14
114,153,6
114,156,5
114,157,2
114,159,18
115,116,20
115,117,2
115,118,16
115,119,15
115,120,13
115,122,20
115,123,8
115,124,13
115,125,5
115,126,4
115,127,19
115,128,9
115,129,2
115,131,11
115,134,3
115,135,9
115,136,8
115,137,15
115,142,19
115,143,12
115,144,4
115,145,13
115,147,19
115,148,19
115,149,10
115,150,2
115,152,9
115,153,16
115,154,20
115,157,19
115,158,15
115,159,18
116,118,14
116,120,5
116,121,17
116,122,5
116,124,4
116,125,13
116,126,1
116,127,18
116,128,14
116,129,11
116,130,4
116,131,17
116,132,2
116,133,20
116,134,9
116,136,15
116,137,12
116,138,3
116,139,15
116,140,15
116,141,8
116,142,4
116,143,8
116,145,10
116,146,16
116,147,15
116,151,8
116,153,7
116,154,17
116,155,12
116,156,20
116,157,9
116,158,13
116,159,12
117,118,4
117,119,8
117,120,10
117,122,6
117,123,12
117,125,20
117,126,5
117,127,19
117,128,5
117,129,5
117,130,19
117,131,9
117,132,12
117,133,5
117,134,14
117,135,10
117,136,15
117,139,16
117,140,15
117,141,16
117,142,12
117,143,9
117,144,10
117,145,2
117,146,19
117,149,3
117,150,9
117,152,1
117,153,4
117,154,4
117,155,2
117,156,5
117,157,18
118,119,15
118,120,3
118,121,17
118,122,19
118,123,8
118,125,18
118,126,12
118,127,11
118,128,4
118,129,6
118,130,10
118,132,18
118,133,7
118,134,12
118,135,10
118,136,12
118,137,13
118,138,12
118,139,9
118,140,1
118,141,3
118,142,20
118,143,11
118,144,13
118,145,5
118,146,20
118,147,12
118,149,10
118,150,7
118,151,4
118,152,16
118,153,3
118,154,12
118,155,6
118,156,11
118,157,19
118,158,7
118,159,3
119,121,19
119,122,20
119,123,7
119,125,12
119,126,12
119,127,11
119,128,15
119,130,10
119,131,13
119,132,8
119,133,17
119,135,1
119,136,10
119,137,9
119,139,20
119,140,3
119,141,3
119,142,3
119,143,4
119,145,17
119,146,15
119,147,6
119,148,17
119,149,7
119,150,5
119,151,18
119,152,17
119,153,19
119,154,15
119,155,11
119,158,4
119,159,9
120,122,1
120,123,4
120,124,18
120,127,14
120,128,1
120,130,15
120,131,2
120,132,3
120,133,5
120,134,10
120,135,5
120,136,3
120,138,1
120,140,17
120,141,3
120,142,15
120,143,11
120,145,5
120,146,8
120,147,13
120,149,16
120,150,14
120,152,14
120,153,7
120,154,20
120,155,19
120,156,16
120,159,4
121,122,19
121,123,10
121,124,6
121,125,13
121,126,15
121,127,7
121,128,19
121,129,15
121,130,5
121,131,13
121,132,14
121,133,4
121,134,1
121,135,12
121,137,5
121,138,12
121,139,1
121,140,8
121,141,2
121,142,12
121,143,2
121,144,3
121,145,5
121,147,19
121,148,12
121,149,18
121,150,13
121,151,18
121,152,11
121,153,19
121,154,5
121,155,12
121,156,2
121,157,5
122,123,5
122,124,15
122,127,18
122,129,20
122,131,13
122,132,16
122,133,18
122,134,20
122,135,11
122,136,15
122,137,18
122,138,9
122,139,6
122,140,18
122,141,6
122,143,16
122,144,1
122,145,2
122,148,4
122,149,2
122,150,18
122,151,6
122,152,9
122,153,3
122,154,5
122,155,11
122,156,11
122,157,6
122,158,1
122,159,15
123,126,17
123,127,3
123,128,16
123,129,9
123,133,18
123,134,19
123,135,16
123,136,12
123,137,7
123,138,4
123,139,10
123,140,5
123,142,2
123,143,15
123,144,6
123,145,7
123,146,19
123,148,3
123,149,19
123,150,18
123,152,15
123,153,19
123,154,17
123,156,9
123,157,18
123,158,11
124,125,11
124,126,1
124,127,7
124,129,6
124,130,16
124,133,3
124,134,16
124,135,18
124,136,17
124,137,20
124,138,20
124,139,16
124,141,3
124,142,13
124,143,16
124,144,12
124,145,14
124,147,19
124,148,6
124,150,18
124,151,10
124,153,4
124,154,10
124,157,11
124,158,19
124,159,3
125,126,20
125,128,20
125,129,20
125,130,3
125,131,2
125,132,14
125,133,11
125,134,12
125,135,7
125,136,13
125,138,9
125,139,5
125,140,6
125,142,6
125,143,15
125,144,9
125,145,15
125,146,10
125,147,14
125,148,4
125,149,5
125,150,2
125,151,2
125,152,13
125,153,17
125,154,15
125,155,15
125,158,12
125,159,2
126,127,5
126,128,11
126,130,2
126,131,20
126,132,17
126,133,16
126,134,2
126,136,9
126,137,4
126,138,12
126,139,12
126,141,19
126,142,20
126,143,4
126,144,7
126,145,14
126,146,6
126,147,9
126,148,6
126,153,1
126,154,2
126,155,7
126,156,12
126,159,20
127,128,9
127,129,19
127,130,7
127,131,7
127,133,16
127,134,14
127,136,9
127,137,16
127,138,13
127,139,5
127,140,12
127,141,3
127,142,19
127,143,16
127,144,5
127,146,3
127,147,4
127,148,1
127,149,20
127,150,13
127,151,13
127,152,14
127,153,15
127,155,10
127,156,12
127,157,4
127,158,4
127,159,6
128,131,11
128,133,10
128,134,9
128,135,9
128,136,1
128,137,19
128,138,5
128,139,11
128,140,4
128,141,1
128,142,10
128,143,15
128,144,10
128,146,5
128,147,13
128,148,3
128,149,2
128,150,12
128,151,8
128,152,9
128,153,13
128,154,2
128,155,4
128,156,2
128,157,4
128,159,19
129,130,3
129,131,3
129,133,16
129,134,14
129,135,17
129,136,6
129,137,1
129,139,19
129,141,13
129,142,7
129,143,19
129,145,5
129,147,4
129,148,5
129,149,12
129,150,10
129,151,17
129,152,9
129,153,10
129,154,4
129,155,10
129,156,10
129,157,11
129,158,8
130,131,1
130,132,7
130,133,14
130,134,7
130,136,11
130,138,6
130,139,9
130,140,5
130,141,7
130,143,8
130,144,5
130,145,3
130,146,9
130,147,18
130,148,19
130,149,11
130,150,1
130,151,2
130,152,1
130,154,11
130,155,12
130,156,1
130,157,1
130,158,7
130,159,11
131,133,19
131,134,8
131,135,3
131,137,1
131,139,8
131,140,4
131,142,10
131,143,8
131,144,12
131,145,20
131,147,1
131,148,10
131,149,6
131,150,12
131,151,1
131,152,19
131,154,20
131,155,2
131,156,12
131,157,15
131,159,13
132,133,11
132,134,2
132,135,20
132,136,8
132,137,10
132,138,4
132,139,8
132,141,3
132,142,10
132,143,1
132,144,11
132,146,1
132,147,17
132,148,16
132,150,20
132,151,15
132,152,1
132,153,14
132,154,19
132,156,5
132,157,12
132,158,9
132,159,20
133,134,2
133,135,3
133,136,8
133,137,4
133,139,5
133,140,16
133,141,16
133,142,18
133,144,2
133,145,5
133,146,13
133,149,3
133,150,3
133,151,14
133,152,19
133,153,11
133,154,19
133,155,13
133,156,15
133,157,10
133,158,13
133,159,9
134,135,17
134,136,7
134,137,20
134,138,12
134,139,14
134,140,4
134,142,7
134,143,7
134,144,10
134,145,20
134,146,18
134,149,1
134,150,5
134,151,5
134,153,18
134,154,15
134,155,8
134,156,17
134,157,4
134,158,18
134,159,18
135,136,2
135,137,10
135,138,9
135,139,2
135,140,10
135,141,2
135,142,20
135,143,5
135,144,12
135,145,17
135,146,18
135,147,5
135,148,11
135,149,5
135,150,17
135,151,3
135,152,10
135,154,16
135,155,5
135,157,13
135,158,2
136,137,14
136,138,9
136,139,1
136,140,15
136,141,10
136,142,11
136,144,5
136,146,6
136,148,7
136,149,4
136,150,17
136,151,17
136,153,2
136,155,7
136,156,20
136,157,18
136,158,7
137,138,2
137,140,7
137,141,14
137,142,9
137,143,20
137,144,1
137,145,18
137,146,17
137,147,5
137,149,7
137,150,2
137,151,1
137,152,17
137,153,18
137,154,10
137,155,16
137,156,16
137,157,4
137,158,15
137,159,19
138,139,16
138,140,8
138,141,13
138,143,4
138,144,5
138,145,5
138,146,2
138,148,5
138,150,2
138,152,20
138,153,14
138,154,17
138,155,17
138,157,5
138,158,14
138,159,8
139,140,6
139,141,19
139,142,16
139,143,10
139,144,12
139,145,12
139,147,3
139,151,10
139,152,15
139,153,9
139,154,20
139,156,11
139,157,8
139,158,11
139,159,3
140,141,11
140,142,7
140,143,5
140,144,14
140,145,7
140,146,15
140,148,18
140,149,13
140,150,1
140,151,19
140,152,3
140,153,7
140,155,7
140,156,2
140,157,7
140,158,19
140,159,17
141,142,10
141,143,17
141,144,6
141,145,16
141,146,20
141,148,5
141,149,18
141,150,16
141,151,11
141,152,3
141,153,7
141,154,19
141,155,11
141,156,13
141,157,12
141,158,16
141,159,4
142,143,20
142,145,18
142,146,11
142,150,7
142,152,17
142,153,7
142,154,2
142,155,19
142,156,7
142,157,8
142,159,10
143,145,19
143,146,14
143,147,7
143,148,8
143,149,10
143,150,8
143,152,11
143,154,5
143,155,13
143,156,18
143,158,1
144,147,10
144,148,3
144,149,11
144,150,7
144,151,11
144,154,18
144,155,12
144,156,9
144,157,14
144,158,13
145,146,6
145,147,16
145,148,14
145,149,15
145,152,9
145,153,15
145,154,2
145,156,8
145,157,4
145,158,14
146,147,18
146,148,12
146,149,13
146,151,8
146,152,13
146,153,3
146,154,19
146,155,19
146,156,2
146,157,14
146,158,15
146,159,12
147,148,11
147,149,6
147,150,8
147,152,19
147,153,5
147,154,11
147,155,6
147,157,10
147,159,10
148,149,11
148,150,9
148,151,16
148,152,12
148,154,7
148,155,12
148,156,20
148,157,13
148,158,6
148,159,11
149,151,14
149,152,10
149,154,8
149,156,5
149,157,16
149,159,14
150,151,16
150,152,9
150,153,20
150,154,8
150,155,1
150,157,4
151,152,9
151,153,17
151,154,1
151,156,19
151,157,9
151,159,13
152,153,18
152,154,1
152,155,12
152,156,7
152,158,20
152,159,5
153,154,14
153,155,17
153,156,20
153,157,14
153,158,9
153,159,13
154,155,7
154,156,12
154,157,7
154,159,2
155,156,20
155,157,9
155,158,10
155,159,10
156,157,5
156,158,1
157,158,3
157,159,11
158,159,15
