0,1,15
0,2,16
0,3,9
0,4,5
0,6,10
0,8,9
0,9,2
0,10,4
0,12,12
0,13,3
0,15,5
0,17,13
0,19,20
0,21,6
0,24,10
0,26,2
0,28,6
0,29,4
0,33,12
0,34,2
0,35,18
0,36,18
0,38,16
0,39,8
0,41,9
0,42,16
0,43,2
0,44,4
0,45,6
0,46,6
0,47,18
0,48,14
0,49,12
0,50,8
0,51,9
0,52,16
0,53,7
0,54,17
0,56,4
0,57,10
0,58,18
0,59,11
0,60,7
0,61,10
0,67,10
0,69,5
0,74,11
0,75,9
0,76,3
0,77,10
0,78,18
0,80,2
0,82,9
0,83,13
0,84,10
0,85,18
0,87,17
0,88,1
0,89,11
0,90,10
0,92,19
0,94,16
0,95,2
0,96,11
0,97,16
0,98,2
0,100,16
0,102,11
0,104,11
0,105,19
0,106,7
0,108,15
0,109,9
0,112,1
0,113,4
0,115,16
0,116,2
0,118,10
0,119,7
0,121,6
0,122,1
0,123,20
0,124,9
0,126,17
0,127,7
0,130,3
0,131,19
0,133,19
0,135,1
0,136,9
0,137,4
0,139,19
0,141,16
0,142,14
0,143,14
0,144,6
0,146,18
0,147,8
0,148,9
0,149,5
1,2,19
1,4,17
1,5,14
1,7,19
1,8,11
1,9,17
1,11,10
1,12,1
1,13,14
1,14,8
1,15,6
1,17,3
1,18,1
1,19,12
1,20,11
1,21,3
1,23,17
1,26,1
1,28,10
1,29,10
1,30,15
1,32,10
1,33,17
1,36,14
1,37,8
1,39,9
1,40,6
1,41,19
1,42,1
1,43,14
1,46,10
1,48,9
1,49,3
1,50,8
1,51,3
1,52,11
1,54,10
1,57,7
1,58,13
1,59,14
1,61,15
1,62,6
1,63,5
1,64,6
1,65,17
1,66,18
1,67,18
1,70,15
1,72,11
1,74,15
1,76,2
1,84,19
1,85,6
1,86,15
1,87,9
1,88,9
1,91,4
1,95,14
1,96,19
1,100,14
1,101,15
1,103,3
1,105,8
1,106,19
1,107,9
1,109,19
1,110,4
1,111,2
1,113,2
1,116,9
1,117,3
1,118,16
1,119,5
1,120,20
1,121,1
1,123,11
1,124,6
1,125,4
1,126,11
1,127,12
1,128,7
1,129,8
1,132,4
1,134,7
1,135,19
1,136,2
1,137,10
1,139,1
1,140,1
1,141,12
1,143,17
1,145,10
1,146,4
1,148,7
1,149,2
2,3,3
2,4,5
2,5,9
2,6,2
2,7,15
2,8,13
2,10,19
2,13,14
2,14,4
2,15,11
2,16,9
2,18,9
2,19,17
2,20,20
2,21,2
2,22,19
2,23,17
2,25,10
2,26,9
2,27,3
2,28,3
2,29,15
2,30,15
2,31,19
2,32,3
2,34,3
2,35,11
2,36,20
2,39,20
2,40,15
2,41,18
2,42,6
2,43,19
2,44,4
2,45,6
2,46,4
2,47,2
2,48,18
2,49,7
2,50,14
2,51,14
2,52,13
2,53,2
2,54,8
2,55,6
2,56,14
2,57,15
2,58,19
2,59,17
2,61,14
2,62,1
2,63,11
2,65,11
2,66,3
2,68,13
2,69,1
2,70,19
2,71,7
2,72,5
2,73,12
2,75,15
2,76,13
2,77,20
2,78,2
2,79,1
2,80,9
2,82,16
2,83,3
2,85,1
2,87,18
2,89,7
2,90,3
2,94,3
2,95,17
2,96,20
2,98,16
2,99,17
2,101,10
2,103,20
2,104,7
2,105,3
2,107,1
2,108,3
2,109,10
2,111,4
2,112,1
2,113,15
2,114,7
2,115,16
2,116,17
2,117,1
2,118,1
2,119,6
2,120,20
2,121,17
2,122,1
2,123,8
2,124,10
2,125,12
2,126,16
2,127,20
2,128,14
2,129,12
2,130,8
2,131,6
2,132,10
2,133,8
2,134,11
2,135,7
2,136,18
2,137,2
2,138,3
2,142,13
2,144,12
2,145,15
2,147,8
2,148,5
2,149,18
3,4,20
3,5,15
3,7,7
3,8,18
3,9,10
3,10,6
3,11,14
3,12,17
3,13,3
3,15,11
3,18,6
3,21,14
3,23,1
3,24,17
3,25,4
3,27,12
3,28,9
3,29,13
3,30,20
3,31,12
3,32,3
3,35,17
3,36,18
3,39,1
3,40,17
3,41,1
3,42,18
3,44,1
3,45,6
3,46,19
3,48,13
3,49,3
3,52,10
3,53,17
3,54,20
3,56,9
3,57,10
3,59,6
3,60,12
3,61,10
3,62,8
3,63,6
3,64,15
3,65,8
3,66,12
3,67,13
3,68,11
3,69,17
3,71,11
3,72,20
3,73,8
3,74,11
3,75,11
3,77,6
3,78,5
3,80,17
3,82,3
3,85,7
3,86,11
3,87,18
3,88,1
3,91,7
3,92,14
3,93,18
3,95,13
3,96,8
3,97,20
3,98,1
3,99,2
3,100,3
3,102,3
3,103,2
3,106,1
3,107,7
3,108,18
3,109,7
3,111,20
3,112,6
3,115,17
3,116,12
3,118,17
3,119,10
3,122,1
3,123,10
3,124,1
3,126,1
3,127,11
3,130,18
3,131,7
3,133,5
3,135,5
3,136,18
3,137,20
3,140,9
3,141,6
3,142,8
3,143,4
3,144,8
3,145,7
3,148,15
3,149,15
4,5,1
4,7,10
4,8,4
4,10,17
4,12,19
4,14,14
4,16,10
4,18,19
4,19,8
4,21,2
4,22,7
4,23,16
4,24,6
4,29,13
4,30,15
4,31,19
4,32,4
4,33,17
4,34,17
4,36,4
4,37,9
4,38,16
4,39,16
4,41,9
4,42,7
4,44,1
4,45,2
4,48,3
4,51,15
4,52,20
4,54,7
4,55,1
4,56,15
4,59,5
4,60,13
4,61,1
4,62,17
4,63,4
4,64,3
4,66,16
4,68,2
4,69,10
4,70,5
4,71,15
4,73,2
4,74,9
4,77,14
4,78,14
4,79,10
4,80,15
4,81,2
4,82,1
4,84,5
4,85,2
4,87,12
4,88,7
4,89,6
4,91,4
4,95,14
4,96,11
4,98,6
4,101,17
4,102,9
4,103,18
4,104,9
4,105,8
4,107,13
4,111,1
4,113,3
4,114,19
4,116,16
4,117,18
4,118,5
4,122,19
4,125,12
4,126,1
4,128,16
4,132,10
4,135,2
4,137,15
4,138,18
4,139,19
4,141,9
4,142,8
4,143,6
4,145,15
4,146,6
4,147,8
4,148,19
4,149,9
5,6,2
5,7,8
5,8,17
5,9,19
5,10,14
5,11,16
5,13,12
5,14,3
5,17,12
5,18,7
5,19,8
5,20,17
5,21,8
5,22,11
5,24,9
5,25,6
5,26,12
5,29,20
5,30,10
5,32,7
5,33,3
5,36,6
5,37,2
5,38,3
5,39,2
5,40,7
5,43,3
5,44,16
5,45,13
5,46,2
5,47,2
5,51,13
5,53,8
5,54,15
5,55,11
5,56,3
5,57,2
5,58,9
5,59,14
5,60,3
5,61,15
5,62,12
5,63,3
5,64,1
5,65,20
5,68,4
5,69,2
5,70,7
5,71,14
5,72,15
5,77,19
5,78,13
5,79,12
5,80,2
5,85,20
5,88,5
5,89,5
5,90,3
5,91,14
5,93,18
5,94,12
5,96,6
5,97,7
5,99,19
5,102,1
5,106,17
5,107,7
5,108,9
5,109,8
5,110,5
5,112,11
5,113,7
5,114,14
5,116,2
5,120,19
5,121,20
5,122,9
5,124,2
5,125,14
5,127,3
5,128,3
5,130,10
5,132,2
5,133,20
5,134,2
5,135,14
5,136,11
5,137,1
5,138,3
5,139,10
5,142,15
5,143,11
5,144,12
5,146,8
5,147,10
6,8,15
6,9,1
6,10,13
6,11,20
6,12,6
6,13,12
6,16,16
6,17,4
6,18,18
6,19,11
6,20,15
6,21,19
6,23,19
6,25,20
6,26,17
6,28,10
6,29,20
6,31,15
6,33,11
6,34,1
6,35,5
6,36,17
6,37,4
6,38,2
6,40,2
6,41,2
6,42,1
6,43,6
6,44,2
6,46,12
6,47,13
6,49,1
6,51,4
6,52,20
6,53,9
6,54,9
6,58,14
6,60,8
6,61,16
6,63,15
6,65,18
6,66,12
6,67,2
6,68,3
6,69,17
6,70,16
6,71,8
6,72,13
6,75,13
6,76,15
6,77,20
6,79,6
6,80,10
6,82,14
6,84,14
6,85,4
6,86,17
6,88,11
6,89,3
6,90,8
6,91,13
6,93,19
6,94,18
6,95,14
6,96,15
6,97,6
6,99,6
6,100,6
6,103,18
6,104,14
6,106,18
6,109,20
6,110,6
6,111,14
6,112,4
6,114,20
6,115,2
6,116,4
6,117,14
6,120,15
6,121,12
6,123,4
6,126,10
6,127,9
6,128,6
6,129,19
6,130,18
6,131,17
6,134,13
6,135,6
6,137,17
6,139,14
6,140,2
6,141,16
6,142,14
6,143,19
6,144,19
6,145,1
6,146,1
6,147,2
6,148,18
6,149,1
7,8,6
7,12,7
7,15,18
7,17,11
7,19,12
7,20,18
7,21,19
7,25,8
7,26,2
7,27,18
7,29,7
7,30,9
7,32,17
7,33,13
7,35,10
7,36,9
7,37,10
7,39,15
7,41,9
7,42,9
7,43,13
7,45,3
7,47,6
7,48,4
7,49,13
7,50,18
7,51,12
7,52,16
7,53,16
7,54,11
7,55,15
7,57,10
7,59,11
7,60,13
7,61,9
7,62,8
7,63,4
7,64,9
7,65,3
7,66,12
7,68,14
7,69,7
7,70,2
7,71,15
7,72,12
7,73,5
7,74,18
7,75,2
7,77,14
7,78,11
7,79,1
7,80,13
7,81,18
7,82,4
7,83,16
7,85,12
7,87,1
7,89,12
7,90,12
7,91,15
7,93,13
7,94,6
7,96,3
7,97,14
7,98,20
7,100,14
7,101,7
7,102,13
7,103,6
7,105,19
7,108,8
7,109,7
7,110,7
7,111,4
7,112,20
7,113,14
7,114,1
7,115,11
7,116,9
7,117,1
7,118,20
7,119,8
7,120,4
7,123,19
7,124,16
7,125,4
7,127,9
7,129,15
7,131,8
7,132,12
7,133,4
7,134,2
7,136,6
7,137,8
7,139,5
7,140,12
7,141,13
7,142,9
7,143,9
7,145,6
7,146,13
7,147,18
7,149,15
8,9,20
8,10,16
8,11,8
8,12,6
8,13,6
8,14,17
8,16,14
8,17,18
8,18,10
8,19,8
8,20,2
8,21,16
8,22,4
8,24,18
8,25,9
8,26,3
8,28,10
8,31,9
8,32,20
8,33,12
8,34,15
8,35,6
8,36,11
8,38,14
8,41,9
8,42,4
8,44,17
8,45,17
8,46,16
8,48,17
8,49,9
8,52,11
8,53,17
8,54,17
8,55,3
8,56,15
8,57,15
8,58,3
8,59,5
8,61,12
8,62,13
8,66,3
8,67,4
8,69,2
8,70,12
8,72,15
8,73,17
8,74,3
8,75,3
8,76,3
8,77,2
8,78,15
8,79,1
8,80,5
8,82,6
8,83,12
8,85,13
8,86,8
8,88,20
8,89,9
8,90,7
8,91,10
8,92,11
8,93,13
8,94,17
8,95,10
8,96,15
8,97,7
8,98,8
8,99,4
8,101,10
8,103,16
8,104,19
8,105,10
8,106,17
8,107,13
8,109,19
8,112,7
8,113,9
8,115,5
8,116,5
8,117,16
8,118,10
8,119,12
8,121,10
8,125,10
8,126,19
8,130,13
8,131,6
8,132,6
8,134,7
8,135,10
8,136,4
8,137,1
8,138,12
8,140,15
8,141,9
8,142,10
8,144,8
8,146,17
8,148,20
9,10,7
9,11,16
9,12,4
9,13,6
9,14,15
9,15,1
9,16,1
9,18,9
9,22,6
9,26,9
9,27,5
9,28,5
9,30,8
9,33,18
9,34,15
9,35,15
9,36,5
9,37,17
9,38,3
9,39,17
9,40,20
9,42,18
9,43,9
9,44,5
9,45,16
9,47,3
9,49,7
9,51,13
9,52,19
9,55,7
9,57,10
9,58,5
9,59,11
9,60,11
9,64,16
9,65,10
9,66,10
9,69,9
9,70,3
9,71,14
9,73,13
9,74,18
9,75,10
9,76,3
9,77,2
9,78,3
9,79,16
9,80,2
9,82,17
9,83,12
9,84,9
9,86,17
9,87,1
9,88,14
9,89,7
9,90,17
9,91,14
9,93,5
9,94,12
9,96,18
9,97,4
9,98,2
9,99,6
9,100,10
9,101,12
9,102,8
9,105,15
9,106,7
9,107,11
9,109,6
9,110,20
9,112,6
9,113,13
9,114,19
9,116,18
9,117,1
9,118,4
9,119,3
9,120,5
9,121,14
9,125,7
9,126,4
9,129,15
9,131,4
9,132,20
9,133,11
9,134,13
9,135,3
9,136,7
9,138,2
9,139,1
9,140,6
9,142,15
9,143,13
9,144,2
9,146,16
9,147,5
9,148,19
10,11,20
10,13,11
10,14,16
10,17,6
10,18,6
10,19,14
10,20,5
10,21,10
10,22,3
10,23,6
10,27,11
10,28,11
10,29,7
10,30,7
10,34,2
10,36,3
10,37,10
10,38,12
10,39,1
10,40,2
10,41,4
10,42,4
10,45,3
10,46,20
10,47,13
10,48,18
10,49,15
10,50,18
10,52,11
10,53,19
10,54,14
10,55,1
10,57,18
10,59,15
10,60,2
10,62,7
10,64,13
10,65,11
10,66,16
10,67,6
10,68,1
10,70,4
10,71,2
10,72,3
10,73,6
10,74,7
10,77,16
10,78,16
10,79,9
10,80,2
10,81,1
10,82,15
10,83,8
10,84,4
10,85,6
10,86,20
10,87,14
10,90,15
10,91,13
10,93,4
10,94,7
10,97,11
10,98,16
10,102,10
10,103,14
10,105,9
10,106,2
10,107,9
10,110,20
10,111,1
10,112,3
10,113,6
10,114,12
10,115,6
10,116,2
10,117,11
10,118,9
10,119,20
10,120,1
10,121,4
10,122,17
10,123,10
10,125,20
10,126,17
10,127,17
10,128,14
10,129,7
10,130,16
10,131,18
10,132,14
10,133,17
10,134,15
10,135,6
10,136,6
10,137,9
10,138,11
10,139,10
10,140,19
10,141,11
10,142,6
10,143,18
10,145,12
10,147,16
10,148,19
10,149,20
11,12,12
11,14,20
11,16,6
11,17,3
11,18,2
11,22,6
11,23,8
11,24,14
11,27,3
11,29,5
11,30,17
11,31,17
11,32,13
11,34,3
11,35,5
11,36,9
11,37,1
11,38,17
11,39,13
11,40,15
11,42,14
11,43,13
11,44,4
11,47,6
11,51,6
11,52,17
11,53,8
11,54,20
11,55,7
11,56,10
11,57,18
11,58,13
11,59,11
11,60,16
11,64,1
11,65,17
11,66,10
11,68,10
11,69,10
11,70,8
11,71,4
11,73,10
11,75,9
11,78,13
11,81,10
11,83,20
11,84,9
11,85,3
11,88,20
11,90,13
11,91,20
11,93,19
11,94,13
11,95,19
11,96,3
11,97,7
11,98,3
11,99,19
11,100,15
11,102,17
11,103,14
11,104,11
11,106,17
11,108,20
11,109,11
11,110,6
11,111,15
11,112,6
11,113,20
11,115,5
11,116,5
11,117,11
11,118,7
11,119,14
11,120,8
11,121,5
11,122,8
11,123,8
11,125,2
11,129,17
11,130,18
11,132,3
11,133,3
11,134,16
11,135,2
11,136,4
11,137,9
11,138,3
11,140,11
11,141,8
11,142,10
11,143,15
11,144,9
11,145,5
11,146,2
11,149,17
12,13,20
12,16,4
12,17,7
12,19,15
12,20,18
12,21,8
12,22,16
12,24,16
12,25,3
12,26,5
12,27,1
12,29,2
12,30,12
12,31,3
12,32,20
12,33,3
12,34,2
12,36,6
12,37,5
12,39,9
12,41,5
12,42,17
12,43,19
12,47,13
12,48,10
12,52,20
12,53,2
12,54,6
12,56,18
12,57,14
12,59,18
12,61,14
12,62,6
12,64,1
12,66,15
12,67,9
12,68,17
12,69,7
12,70,11
12,71,14
12,72,5
12,73,9
12,78,2
12,80,17
12,81,18
12,83,1
12,84,4
12,85,16
12,87,11
12,90,10
12,91,12
12,94,1
12,95,13
12,99,4
12,100,1
12,101,6
12,102,2
12,103,9
12,105,17
12,107,3
12,108,5
12,109,17
12,110,9
12,111,19
12,112,13
12,113,7
12,114,9
12,115,13
12,118,2
12,119,10
12,120,2
12,121,11
12,122,2
12,124,10
12,125,9
12,126,5
12,127,12
12,129,20
12,130,17
12,133,20
12,135,1
12,136,5
12,137,8
12,140,14
12,141,9
12,142,12
12,143,6
12,145,19
12,146,3
12,147,20
12,148,20
12,149,4
13,15,5
13,16,11
13,17,3
13,18,6
13,19,8
13,21,20
13,22,1
13,23,12
13,26,1
13,27,5
13,28,3
13,29,2
13,31,4
13,32,1
13,35,11
13,36,17
13,37,12
13,39,10
13,40,13
13,41,19
13,43,18
13,44,20
13,45,4
13,47,13
13,48,2
13,49,12
13,50,18
13,51,1
13,52,17
13,53,15
13,54,12
13,56,3
13,57,14
13,59,8
13,60,18
13,61,1
13,68,10
13,69,20
13,70,3
13,71,14
13,72,4
13,73,8
13,75,4
13,76,16
13,77,5
13,78,13
13,79,4
13,80,1
13,81,7
13,82,9
13,83,10
13,84,17
13,85,18
13,86,5
13,87,15
13,89,3
13,91,9
13,92,13
13,94,15
13,95,1
13,96,14
13,97,9
13,99,11
13,100,2
13,103,7
13,104,19
13,105,9
13,106,4
13,110,18
13,112,11
13,114,6
13,115,12
13,116,7
13,118,7
13,121,11
13,122,13
13,123,15
13,124,8
13,126,3
13,128,7
13,129,15
13,131,12
13,134,9
13,135,8
13,137,18
13,138,1
13,139,18
13,141,16
13,142,6
13,143,2
13,144,7
13,146,3
13,147,19
13,149,15
14,15,10
14,16,9
14,17,5
14,18,10
14,19,1
14,20,5
14,21,7
14,22,6
14,23,13
14,25,7
14,26,16
14,27,16
14,30,3
14,31,9
14,32,3
14,33,14
14,34,20
14,35,3
14,36,2
14,38,14
14,40,7
14,42,10
14,44,14
14,45,15
14,46,8
14,47,18
14,48,15
14,49,9
14,52,17
14,53,19
14,55,19
14,59,18
14,60,10
14,61,17
14,62,11
14,63,7
14,65,14
14,66,5
14,67,16
14,69,7
14,70,17
14,73,19
14,74,16
14,75,14
14,76,8
14,77,19
14,79,16
14,81,7
14,82,20
14,84,17
14,86,1
14,87,20
14,88,19
14,90,14
14,91,17
14,93,3
14,94,15
14,95,3
14,97,13
14,98,2
14,100,10
14,101,7
14,102,12
14,104,2
14,105,8
14,108,11
14,109,3
14,110,14
14,112,12
14,115,5
14,116,17
14,117,1
14,118,8
14,119,19
14,120,18
14,122,8
14,123,14
14,124,8
14,125,11
14,127,10
14,128,11
14,132,2
14,133,14
14,134,11
14,136,17
14,137,13
14,142,13
14,143,3
14,144,2
14,146,18
14,147,18
14,149,15
15,16,15
15,17,9
15,18,15
15,19,15
15,20,19
15,21,7
15,22,9
15,23,5
15,24,7
15,26,1
15,28,16
15,29,3
15,31,15
15,32,12
15,34,16
15,36,2
15,37,20
15,40,1
15,41,16
15,42,2
15,43,13
15,45,9
15,46,7
15,49,12
15,50,5
15,52,11
15,54,2
15,55,8
15,56,12
15,59,9
15,60,6
15,61,6
15,62,3
15,63,12
15,64,18
15,65,19
15,66,6
15,68,20
15,69,19
15,70,17
15,71,16
15,72,16
15,73,20
15,74,20
15,75,9
15,76,1
15,77,1
15,78,5
15,79,8
15,80,20
15,81,12
15,82,16
15,84,15
15,85,4
15,86,3
15,87,4
15,88,17
15,89,3
15,90,13
15,91,5
15,92,16
15,94,20
15,95,7
15,97,2
15,100,5
15,101,12
15,102,6
15,103,7
15,106,1
15,107,13
15,111,16
15,114,3
15,115,9
15,116,14
15,117,12
15,118,9
15,121,12
15,123,15
15,124,19
15,126,14
15,127,20
15,129,5
15,131,2
15,132,14
15,133,6
15,134,15
15,135,1
15,136,14
15,137,11
15,138,3
15,139,15
15,141,8
15,142,12
15,143,16
15,144,4
15,145,2
15,146,5
15,147,10
16,20,17
16,21,2
16,22,3
16,24,17
16,25,18
16,26,14
16,27,15
16,28,15
16,29,4
16,30,7
16,31,17
16,32,10
16,34,5
16,37,15
16,38,5
16,39,2
16,41,16
16,43,1
16,44,15
16,45,7
16,46,7
16,47,12
16,48,8
16,49,9
16,51,13
16,52,15
16,54,15
16,58,15
16,59,3
16,60,11
16,61,1
16,63,7
16,64,3
16,65,8
16,70,5
16,72,18
16,73,17
16,74,8
16,76,17
16,77,11
16,79,8
16,80,15
16,82,16
16,83,2
16,84,8
16,85,5
16,86,5
16,87,2
16,88,1
16,89,11
16,90,12
16,92,10
16,93,15
16,96,19
16,97,1
16,99,11
16,100,8
16,101,20
16,103,15
16,104,17
16,105,19
16,106,5
16,109,10
16,110,3
16,111,19
16,113,13
16,114,8
16,115,10
16,118,10
16,119,1
16,121,3
16,123,9
16,124,2
16,126,19
16,128,8
16,129,5
16,130,18
16,131,8
16,133,8
16,134,5
16,136,20
16,138,9
16,139,9
16,140,3
16,141,10
16,142,4
16,143,1
16,144,16
16,145,20
16,147,4
16,148,5
16,149,2
17,18,20
17,19,1
17,20,18
17,21,7
17,22,1
17,24,13
17,25,2
17,27,2
17,28,12
17,29,15
17,30,2
17,32,19
17,34,20
17,35,2
17,36,20
17,37,14
17,40,9
17,43,10
17,44,18
17,45,14
17,46,1
17,49,15
17,50,11
17,53,1
17,54,8
17,56,16
17,57,11
17,58,4
17,59,6
17,60,1
17,61,18
17,62,2
17,63,3
17,64,18
17,66,4
17,67,5
17,68,17
17,69,15
17,70,6
17,71,2
17,72,10
17,76,20
17,77,14
17,78,9
17,81,16
17,82,10
17,84,9
17,85,15
17,86,2
17,88,20
17,91,8
17,92,10
17,95,13
17,97,11
17,98,5
17,99,3
17,100,4
17,103,8
17,104,6
17,106,18
17,107,20
17,108,5
17,109,1
17,110,6
17,111,15
17,112,18
17,114,5
17,117,5
17,119,2
17,120,2
17,122,16
17,123,1
17,124,17
17,125,1
17,126,5
17,128,7
17,129,10
17,130,14
17,132,2
17,139,14
17,141,5
17,142,18
17,143,13
17,144,12
17,145,13
17,146,1
17,147,2
17,148,8
17,149,8
18,19,1
18,20,4
18,21,14
18,22,2
18,23,14
18,24,9
18,25,4
18,26,17
18,27,7
18,28,4
18,29,10
18,30,10
18,31,6
18,32,7
18,35,14
18,37,1
18,38,18
18,40,19
18,41,19
18,42,19
18,43,20
18,44,7
18,46,20
18,47,3
18,48,18
18,50,17
18,51,17
18,53,10
18,54,11
18,55,2
18,56,5
18,60,7
18,61,3
18,62,9
18,63,3
18,65,15
18,66,19
18,67,3
18,68,14
18,69,8
18,70,3
18,71,14
18,72,7
18,73,20
18,74,14
18,75,17
18,77,18
18,78,7
18,79,11
18,80,20
18,82,17
18,83,1
18,85,12
18,86,14
18,87,15
18,88,4
18,89,7
18,90,17
18,92,13
18,93,11
18,95,3
18,97,10
18,98,20
18,102,5
18,104,7
18,105,19
18,106,4
18,107,5
18,109,1
18,110,2
18,112,16
18,113,8
18,114,20
18,116,6
18,119,10
18,121,8
18,123,5
18,124,6
18,125,1
18,127,10
18,128,12
18,129,6
18,131,16
18,132,13
18,135,19
18,136,14
18,139,7
18,140,8
18,142,14
18,144,8
18,145,7
18,147,1
18,148,4
18,149,5
19,20,10
19,21,9
19,22,19
19,24,15
19,25,7
19,31,9
19,32,17
19,33,12
19,37,20
19,38,4
19,39,2
19,40,19
19,41,4
19,42,15
19,43,10
19,45,16
19,49,14
19,50,7
19,51,16
19,54,10
19,55,16
19,60,6
19,62,16
19,63,2
19,64,6
19,65,20
19,66,11
19,67,3
19,68,2
19,70,15
19,72,14
19,73,10
19,74,10
19,75,15
19,77,14
19,79,12
19,82,2
19,84,15
19,85,17
19,86,9
19,88,19
19,92,17
19,94,16
19,95,4
19,96,5
19,97,8
19,98,5
19,99,9
19,100,18
19,102,15
19,103,20
19,106,10
19,108,9
19,109,9
19,110,1
19,111,7
19,112,19
19,114,14
19,117,9
19,118,4
19,119,12
19,120,7
19,123,5
19,124,15
19,125,9
19,126,16
19,127,1
19,128,19
19,130,6
19,131,13
19,132,3
19,133,17
19,134,14
19,135,13
19,137,5
19,138,18
19,139,13
19,140,12
19,143,14
19,145,20
19,146,1
19,147,17
19,148,4
19,149,17
20,21,14
20,22,3
20,23,13
20,24,13
20,25,11
20,26,5
20,27,9
20,28,3
20,29,17
20,30,19
20,32,8
20,33,13
20,34,11
20,35,16
20,36,6
20,37,15
20,38,7
20,40,16
20,41,13
20,42,12
20,46,11
20,47,17
20,48,20
20,49,18
20,50,14
20,54,5
20,56,4
20,57,6
20,58,16
20,60,20
20,61,5
20,62,20
20,63,2
20,67,14
20,73,15
20,74,8
20,75,11
20,77,18
20,78,14
20,79,6
20,80,12
20,82,20
20,83,12
20,87,2
20,89,18
20,90,12
20,91,14
20,92,16
20,94,1
20,97,20
20,98,9
20,100,2
20,101,11
20,102,4
20,104,20
20,105,16
20,106,18
20,108,13
20,109,10
20,110,14
20,112,17
20,113,19
20,115,19
20,116,13
20,117,12
20,118,2
20,119,20
20,120,18
20,121,1
20,123,7
20,125,11
20,126,12
20,128,14
20,130,19
20,131,13
20,133,8
20,134,7
20,135,20
20,136,5
20,137,2
20,138,19
20,142,11
20,143,17
20,145,12
20,146,10
20,147,16
21,22,8
21,23,15
21,24,3
21,25,20
21,26,6
21,28,18
21,29,10
21,30,14
21,33,11
21,34,14
21,35,11
21,36,6
21,37,4
21,38,19
21,39,18
21,40,7
21,42,5
21,43,13
21,44,15
21,45,3
21,47,9
21,48,18
21,49,6
21,51,7
21,52,19
21,53,6
21,54,17
21,55,10
21,56,10
21,57,18
21,58,5
21,59,12
21,61,13
21,62,17
21,63,11
21,65,17
21,67,1
21,68,16
21,71,16
21,72,20
21,73,13
21,74,7
21,77,1
21,78,13
21,79,10
21,81,5
21,82,16
21,85,10
21,86,7
21,88,14
21,89,6
21,90,17
21,91,6
21,93,16
21,95,15
21,96,8
21,97,16
21,98,16
21,101,14
21,102,1
21,103,2
21,104,4
21,107,11
21,109,8
21,110,7
21,113,6
21,114,13
21,118,2
21,119,10
21,120,16
21,122,7
21,123,3
21,124,19
21,127,14
21,128,17
21,129,5
21,130,4
21,131,20
21,133,3
21,134,12
21,135,7
21,136,6
21,137,19
21,139,7
21,140,19
21,143,12
21,145,11
21,146,7
21,148,12
21,149,15
22,23,3
22,24,16
22,25,14
22,26,4
22,28,7
22,29,6
22,30,10
22,31,13
22,32,19
22,34,7
22,35,10
22,38,1
22,39,8
22,40,15
22,41,15
22,42,11
22,43,2
22,44,3
22,45,16
22,48,18
22,49,5
22,50,20
22,51,11
22,52,15
22,53,7
22,56,3
22,57,9
22,58,11
22,59,4
22,60,3
22,61,9
22,63,13
22,65,13
22,66,3
22,67,8
22,68,9
22,70,11
22,71,5
22,72,11
22,76,12
22,77,8
22,78,1
22,79,9
22,80,5
22,83,1
22,84,10
22,85,3
22,86,14
22,89,8
22,90,11
22,91,12
22,94,4
22,96,13
22,97,6
22,98,4
22,99,15
22,100,18
22,104,16
22,105,11
22,106,1
22,107,2
22,108,18
22,111,2
22,112,18
22,113,3
22,114,15
22,116,20
22,117,18
22,119,18
22,120,7
22,121,19
22,125,10
22,126,17
22,127,8
22,128,7
22,131,7
22,134,11
22,136,8
22,137,20
22,138,6
22,139,9
22,140,12
22,141,6
22,142,20
22,145,1
22,147,7
22,149,2
23,24,17
23,25,10
23,27,12
23,28,10
23,29,12
23,31,15
23,32,15
23,33,7
23,34,13
23,35,3
23,36,1
23,37,16
23,38,15
23,39,2
23,40,6
23,41,8
23,42,1
23,43,5
23,44,5
23,46,14
23,47,13
23,48,8
23,49,12
23,52,19
23,53,6
23,54,5
23,55,3
23,56,5
23,57,16
23,59,12
23,60,8
23,61,10
23,62,4
23,63,20
23,65,12
23,67,9
23,68,4
23,70,9
23,71,9
23,72,7
23,73,9
23,74,20
23,75,11
23,76,14
23,77,10
23,78,8
23,79,19
23,80,16
23,81,18
23,83,19
23,85,20
23,88,19
23,89,3
23,90,12
23,91,13
23,92,11
23,93,2
23,95,15
23,96,3
23,97,18
23,99,1
23,100,10
23,101,16
23,103,1
23,104,4
23,105,14
23,106,9
23,109,2
23,111,2
23,112,2
23,113,17
23,114,8
23,115,7
23,117,4
23,118,4
23,119,2
23,120,11
23,121,11
23,122,18
23,123,16
23,125,4
23,126,18
23,128,13
23,129,6
23,130,6
23,131,12
23,132,5
23,136,6
23,137,19
23,138,19
23,139,16
23,140,4
23,141,13
23,142,9
23,143,15
23,144,14
23,146,13
23,147,13
24,29,14
24,31,20
24,32,13
24,33,5
24,34,1
24,35,7
24,36,4
24,37,6
24,38,14
24,39,2
24,40,20
24,41,3
24,42,9
24,44,17
24,45,14
24,47,7
24,48,9
24,50,5
24,51,19
24,52,19
24,54,2
24,56,1
24,57,3
24,58,15
24,59,4
24,61,2
24,62,12
24,64,12
24,67,15
24,68,15
24,71,14
24,73,17
24,74,10
24,76,8
24,77,16
24,78,18
24,79,13
24,81,1
24,83,3
24,84,6
24,85,20
24,86,9
24,87,15
24,88,3
24,89,15
24,91,17
24,92,13
24,94,10
24,96,1
24,97,6
24,98,18
24,101,13
24,104,13
24,105,1
24,107,18
24,108,11
24,109,19
24,111,4
24,112,20
24,114,12
24,115,3
24,117,12
24,118,1
24,119,14
24,120,18
24,121,8
24,122,11
24,123,1
24,124,8
24,125,3
24,126,17
24,127,4
24,129,10
24,130,6
24,132,6
24,134,18
24,135,13
24,136,19
24,137,5
24,138,19
24,140,3
24,142,10
24,144,18
24,145,3
24,146,19
24,148,13
24,149,15
25,28,17
25,30,1
25,31,9
25,33,11
25,34,11
25,37,18
25,38,13
25,40,7
25,41,2
25,42,6
25,43,10
25,44,7
25,45,13
25,46,7
25,47,6
25,48,4
25,50,19
25,52,2
25,54,1
25,55,4
25,56,16
25,57,13
25,58,17
25,59,12
25,60,8
25,61,14
25,63,9
25,64,12
25,65,18
25,66,14
25,67,11
25,68,9
25,69,13
25,70,13
25,71,8
25,72,20
25,73,8
25,74,9
25,75,2
25,77,19
25,78,1
25,79,13
25,81,7
25,82,1
25,83,6
25,85,5
25,86,17
25,87,11
25,88,8
25,89,18
25,90,15
25,91,16
25,93,12
25,94,12
25,95,12
25,96,16
25,97,7
25,99,9
25,101,13
25,102,3
25,103,13
25,105,2
25,107,2
25,108,10
25,109,6
25,110,11
25,112,14
25,113,1
25,114,14
25,116,8
25,118,9
25,119,8
25,121,7
25,123,11
25,124,10
25,125,18
25,126,8
25,127,11
25,129,9
25,130,11
25,132,15
25,133,13
25,135,4
25,137,1
25,138,2
25,139,19
25,140,20
25,141,14
25,143,1
25,146,12
25,147,5
25,149,5
26,27,6
26,28,2
26,29,4
26,31,5
26,33,15
26,34,13
26,35,7
26,37,1
26,38,20
26,39,16
26,40,9
26,41,7
26,42,3
26,43,19
26,45,13
26,46,19
26,48,2
26,49,13
26,50,12
26,52,17
26,55,15
26,56,12
26,58,4
26,59,18
26,60,17
26,62,17
26,63,3
26,64,19
26,65,8
26,67,19
26,68,8
26,70,5
26,71,3
26,72,14
26,73,13
26,74,12
26,75,18
26,76,19
26,78,19
26,81,2
26,82,8
26,84,1
26,85,10
26,86,5
26,87,19
26,90,9
26,91,18
26,92,7
26,95,20
26,101,6
26,102,18
26,103,15
26,104,16
26,105,13
26,106,12
26,107,9
26,108,13
26,109,18
26,110,3
26,111,7
26,113,18
26,114,8
26,115,13
26,117,6
26,118,6
26,119,7
26,120,14
26,121,9
26,122,1
26,123,19
26,124,1
26,125,11
26,126,20
26,127,8
26,128,16
26,129,11
26,130,12
26,134,8
26,137,12
26,138,18
26,139,4
26,140,15
26,143,12
26,144,9
26,145,8
26,146,2
26,147,8
26,148,10
26,149,6
27,28,17
27,29,16
27,30,9
27,31,10
27,34,13
27,35,4
27,36,7
27,38,12
27,39,17
27,41,17
27,42,4
27,43,13
27,44,6
27,46,7
27,47,1
27,50,9
27,51,11
27,52,15
27,53,20
27,55,1
27,56,3
27,57,9
27,59,5
27,61,19
27,62,1
27,63,13
27,65,18
27,66,18
27,67,20
27,69,19
27,70,14
27,71,2
27,72,17
27,73,19
27,74,9
27,75,3
27,76,8
27,77,4
27,78,9
27,80,15
27,82,13
27,84,5
27,85,9
27,86,9
27,88,18
27,89,12
27,90,17
27,91,16
27,92,20
27,93,14
27,94,3
27,95,13
27,96,17
27,97,6
27,98,1
27,101,18
27,102,5
27,103,14
27,105,9
27,107,5
27,108,8
27,109,3
27,111,6
27,112,9
27,113,9
27,114,3
27,115,5
27,116,3
27,117,6
27,119,5
27,120,19
27,123,3
27,124,11
27,125,17
27,126,6
27,128,14
27,129,12
27,131,12
27,132,11
27,133,12
27,134,12
27,135,16
27,136,4
27,137,2
27,139,11
27,140,13
27,142,18
27,144,20
27,145,17
27,146,2
27,147,15
28,29,3
28,31,19
28,33,11
28,34,20
28,37,1
28,38,11
28,39,13
28,40,14
28,41,8
28,42,13
28,43,18
28,44,13
28,45,19
28,46,6
28,47,1
28,49,9
28,50,17
28,51,7
28,52,7
28,54,10
28,55,6
28,56,10
28,57,14
28,58,4
28,59,5
28,61,1
28,62,20
28,63,4
28,64,9
28,65,2
28,66,14
28,67,1
28,68,3
28,69,12
28,72,12
28,73,20
28,74,1
28,75,18
28,76,20
28,77,13
28,78,14
28,81,2
28,89,3
28,93,10
28,94,17
28,95,16
28,97,7
28,98,4
28,99,20
28,101,2
28,102,20
28,103,6
28,104,11
28,106,9
28,107,12
28,108,3
28,109,20
28,110,12
28,116,20
28,117,11
28,118,15
28,119,10
28,121,11
28,123,16
28,124,17
28,126,4
28,127,15
28,128,5
28,129,8
28,130,16
28,131,7
28,132,2
28,134,20
28,135,14
28,136,9
28,137,1
28,140,16
28,141,12
28,142,5
28,143,15
28,144,9
28,145,6
28,146,4
28,147,1
28,149,10
29,30,1
29,31,10
29,32,3
29,33,12
29,35,15
29,36,13
29,37,3
29,38,6
29,39,17
29,40,13
29,41,2
29,42,7
29,43,6
29,45,15
29,46,8
29,47,20
29,48,17
29,49,17
29,50,17
29,51,12
29,52,5
29,53,13
29,55,14
29,56,1
29,58,20
29,59,4
29,60,17
29,62,4
29,63,15
29,64,15
29,65,5
29,66,2
29,67,11
29,69,2
29,70,3
29,72,20
29,73,19
29,74,2
29,75,18
29,76,11
29,77,17
29,78,3
29,79,3
29,81,5
29,82,2
29,83,15
29,84,3
29,85,4
29,86,11
29,87,16
29,88,3
29,89,19
29,90,8
29,91,17
29,92,1
29,93,2
29,94,7
29,95,11
29,96,4
29,98,15
29,99,2
29,100,20
29,101,6
29,103,17
29,104,10
29,105,17
29,108,17
29,110,6
29,112,14
29,115,16
29,116,15
29,119,17
29,120,6
29,124,1
29,125,14
29,126,8
29,127,9
29,128,13
29,129,14
29,131,10
29,132,9
29,134,16
29,135,16
29,136,14
29,137,4
29,138,1
29,140,15
29,141,9
29,142,18
29,145,1
29,146,17
29,147,18
29,148,3
30,31,12
30,33,11
30,34,12
30,36,1
30,38,3
30,40,2
30,42,17
30,43,17
30,44,15
30,46,9
30,50,7
30,51,4
30,52,16
30,53,4
30,55,9
30,56,16
30,60,4
30,61,13
30,62,10
30,63,4
30,65,7
30,66,14
30,68,9
30,69,12
30,70,20
30,71,15
30,72,8
30,74,14
30,77,9
30,78,3
30,79,8
30,80,2
30,81,2
30,82,3
30,83,13
30,85,17
30,87,19
30,88,16
30,89,16
30,91,17
30,93,13
30,94,13
30,95,17
30,97,17
30,98,8
30,100,15
30,101,7
30,102,5
30,103,9
30,104,6
30,105,16
30,106,10
30,107,14
30,108,17
30,109,9
30,110,14
30,112,2
30,113,1
30,114,16
30,118,4
30,119,4
30,120,2
30,121,16
30,122,9
30,123,15
30,124,20
30,125,20
30,128,1
30,129,19
30,131,2
30,132,20
30,133,5
30,134,15
30,135,2
30,136,8
30,138,16
30,141,15
30,142,5
30,144,15
30,145,4
30,146,8
30,147,9
30,148,18
30,149,15
31,32,7
31,33,2
31,34,19
31,35,1
31,36,13
31,37,6
31,38,14
31,39,18
31,40,16
31,42,1
31,43,18
31,47,14
31,48,20
31,49,9
31,50,13
31,51,8
31,53,6
31,54,4
31,55,3
31,56,6
31,57,12
31,58,9
31,59,15
31,61,18
31,63,5
31,64,14
31,66,20
31,67,5
31,68,3
31,69,11
31,71,18
31,72,16
31,73,6
31,75,20
31,76,17
31,77,20
31,79,9
31,80,14
31,82,16
31,83,7
31,84,18
31,85,1
31,87,20
31,88,6
31,89,15
31,90,20
31,91,7
31,92,9
31,93,19
31,98,6
31,104,20
31,105,20
31,107,17
31,109,16
31,112,9
31,113,15
31,114,3
31,115,15
31,116,16
31,117,19
31,120,5
31,121,1
31,124,3
31,125,6
31,129,7
31,130,13
31,132,13
31,133,11
31,134,7
31,135,5
31,137,7
31,139,18
31,140,5
31,141,18
31,143,20
31,144,8
31,145,4
31,147,17
31,148,19
32,33,2
32,35,9
32,36,8
32,37,9
32,38,19
32,40,20
32,41,11
32,44,4
32,45,5
32,46,14
32,48,9
32,50,18
32,51,5
32,52,10
32,54,15
32,55,6
32,56,13
32,57,2
32,58,10
32,59,3
32,61,16
32,62,20
32,63,15
32,68,1
32,69,4
32,70,4
32,73,20
32,74,5
32,77,14
32,78,20
32,80,5
32,81,11
32,82,10
32,83,17
32,84,10
32,85,13
32,86,1
32,87,19
32,89,7
32,90,3
32,91,15
32,92,4
32,93,3
32,94,19
32,96,10
32,97,12
32,98,11
32,99,2
32,100,17
32,101,20
32,102,12
32,103,14
32,104,3
32,106,10
32,108,16
32,109,18
32,110,8
32,111,1
32,112,7
32,113,15
32,114,14
32,116,3
32,117,3
32,118,9
32,121,12
32,122,7
32,125,4
32,127,15
32,128,10
32,129,2
32,131,17
32,132,16
32,133,3
32,134,3
32,135,3
32,136,4
32,137,17
32,139,2
32,140,9
32,141,13
32,143,19
32,144,1
32,145,15
32,146,8
32,149,14
33,35,13
33,36,1
33,37,1
33,39,20
33,40,8
33,41,18
33,46,15
33,47,9
33,49,19
33,52,6
33,53,11
33,54,7
33,55,12
33,56,7
33,57,3
33,58,5
33,59,14
33,60,7
33,61,2
33,62,15
33,64,13
33,65,6
33,66,3
33,67,15
33,70,11
33,71,14
33,74,4
33,76,7
33,77,15
33,78,5
33,81,18
33,82,16
33,84,17
33,85,17
33,86,16
33,87,3
33,88,17
33,89,9
33,90,6
33,91,10
33,92,7
33,93,3
33,95,18
33,96,13
33,97,6
33,100,17
33,101,3
33,102,12
33,103,14
33,105,16
33,106,18
33,107,13
33,108,13
33,109,16
33,112,11
33,115,14
33,116,12
33,118,9
33,119,3
33,120,5
33,122,8
33,123,1
33,124,18
33,125,12
33,129,11
33,131,1
33,132,4
33,133,3
33,134,1
33,136,4
33,137,14
33,139,2
33,140,13
33,142,18
33,143,13
33,144,18
33,145,14
33,146,2
33,147,10
33,148,19
33,149,9
34,35,5
34,36,12
34,38,8
34,39,12
34,40,6
34,41,17
34,42,18
34,43,16
34,44,12
34,45,6
34,47,15
34,48,8
34,49,8
34,50,1
34,53,12
34,54,8
34,55,19
34,56,10
34,59,19
34,60,10
34,61,11
34,62,14
34,63,3
34,64,19
34,65,20
34,66,12
34,67,11
34,69,6
34,71,6
34,73,20
34,74,20
34,80,16
34,82,8
34,83,7
34,84,9
34,85,17
34,86,6
34,87,2
34,88,16
34,89,19
34,90,4
34,91,6
34,92,12
34,94,3
34,96,20
34,97,16
34,99,15
34,100,13
34,101,3
34,102,18
34,103,2
34,104,5
34,105,17
34,106,8
34,107,1
34,109,7
34,110,10
34,111,4
34,113,7
34,114,7
34,115,13
34,116,2
34,118,3
34,120,10
34,123,11
34,125,7
34,126,13
34,129,6
34,130,1
34,131,9
34,133,8
34,134,15
34,135,14
34,136,15
34,138,6
34,139,6
34,140,12
34,141,13
34,142,19
34,143,16
34,144,5
34,145,16
34,146,14
34,149,13
35,36,18
35,37,3
35,38,6
35,39,7
35,41,2
35,42,14
35,43,17
35,44,12
35,45,8
35,48,2
35,49,15
35,50,3
35,51,5
35,52,2
35,53,10
35,54,19
35,55,12
35,56,13
35,57,9
35,61,15
35,62,3
35,63,18
35,64,14
35,65,4
35,66,3
35,68,10
35,69,10
35,70,12
35,71,11
35,72,19
35,73,19
35,76,5
35,77,11
35,78,11
35,79,10
35,80,9
35,81,6
35,82,4
35,83,15
35,84,15
35,85,9
35,86,20
35,87,9
35,88,9
35,90,11
35,91,17
35,93,13
35,95,19
35,96,1
35,97,13
35,98,7
35,99,2
35,100,14
35,101,20
35,102,12
35,103,13
35,104,17
35,105,12
35,106,11
35,107,2
35,109,6
35,110,5
35,111,5
35,112,17
35,113,13
35,114,11
35,115,12
35,116,3
35,117,20
35,118,15
35,119,11
35,120,5
35,121,13
35,122,19
35,123,8
35,124,8
35,126,5
35,127,1
35,129,14
35,130,9
35,131,2
35,132,5
35,133,17
35,134,4
35,135,11
35,136,3
35,137,19
35,139,14
35,140,1
35,141,7
35,142,15
35,144,13
35,145,11
35,146,14
35,147,18
35,148,18
35,149,17
36,37,1
36,38,5
36,39,7
36,41,6
36,42,7
36,43,11
36,44,1
36,46,2
36,47,3
36,48,18
36,49,16
36,50,20
36,51,9
36,52,3
36,54,19
36,55,14
36,60,10
36,63,20
36,64,2
36,65,3
36,66,6
36,67,10
36,68,2
36,69,3
36,70,4
36,71,11
36,72,19
36,75,1
36,76,3
36,77,9
36,78,20
36,79,19
36,80,20
36,81,7
36,84,18
36,85,18
36,86,20
36,87,8
36,88,18
36,89,6
36,91,15
36,92,3
36,93,15
36,94,17
36,95,18
36,98,2
36,99,18
36,101,9
36,102,4
36,103,18
36,104,11
36,105,12
36,106,19
36,107,18
36,109,18
36,110,4
36,112,10
36,115,4
36,116,12
36,117,3
36,118,16
36,120,13
36,121,12
36,123,9
36,124,4
36,128,19
36,129,13
36,132,5
36,133,9
36,134,3
36,136,12
36,137,11
36,138,19
36,141,13
36,142,7
36,144,15
36,146,12
36,149,15
37,39,17
37,40,1
37,41,10
37,42,16
37,43,17
37,45,15
37,46,6
37,47,8
37,48,13
37,49,4
37,50,16
37,53,10
37,54,10
37,55,2
37,58,15
37,59,4
37,60,18
37,61,12
37,63,3
37,64,9
37,65,5
37,67,15
37,68,12
37,69,1
37,70,14
37,72,20
37,73,15
37,75,4
37,77,11
37,78,16
37,79,19
37,80,20
37,81,1
37,82,18
37,83,4
37,84,1
37,86,9
37,87,16
37,91,20
37,92,9
37,93,11
37,97,5
37,99,11
37,100,16
37,101,12
37,102,3
37,103,6
37,104,19
37,105,19
37,106,6
37,108,6
37,109,3
37,110,16
37,112,4
37,113,10
37,114,8
37,115,6
37,116,13
37,117,1
37,118,7
37,119,8
37,120,10
37,122,18
37,123,8
37,125,3
37,127,17
37,128,9
37,129,18
37,130,4
37,131,7
37,132,2
37,134,13
37,135,4
37,136,16
37,138,10
37,139,16
37,141,8
37,143,13
37,144,6
37,147,18
38,40,20
38,44,20
38,45,14
38,46,5
38,48,4
38,49,17
38,50,15
38,51,9
38,53,11
38,54,5
38,55,3
38,56,2
38,57,8
38,58,14
38,60,2
38,61,1
38,64,18
38,65,16
38,67,6
38,68,5
38,69,15
38,71,20
38,72,3
38,73,18
38,74,13
38,75,16
38,76,15
38,77,14
38,79,7
38,80,19
38,82,10
38,83,12
38,84,15
38,85,15
38,86,6
38,88,15
38,89,2
38,90,8
38,92,15
38,93,12
38,94,4
38,95,2
38,96,9
38,97,8
38,98,13
38,99,6
38,100,6
38,101,1
38,103,17
38,104,1
38,105,20
38,107,8
38,108,13
38,109,5
38,110,13
38,111,12
38,114,9
38,115,20
38,116,15
38,118,10
38,119,13
38,120,20
38,121,9
38,123,17
38,124,3
38,127,18
38,128,8
38,129,6
38,130,4
38,131,5
38,132,11
38,133,8
38,134,15
38,136,6
38,137,9
38,138,20
38,139,15
38,140,5
38,141,9
38,142,2
38,143,9
38,144,9
38,145,7
38,146,5
38,149,7
39,40,15
39,41,7
39,44,8
39,45,4
39,46,7
39,48,14
39,49,1
39,50,1
39,51,16
39,53,18
39,54,3
39,55,12
39,56,13
39,57,1
39,58,13
39,59,11
39,60,6
39,61,9
39,62,13
39,63,18
39,64,13
39,66,18
39,67,13
39,68,16
39,69,8
39,72,8
39,73,2
39,74,5
39,76,14
39,78,4
39,79,11
39,80,10
39,81,18
39,83,6
39,85,16
39,87,17
39,88,17
39,89,7
39,90,17
39,92,8
39,96,6
39,97,5
39,98,20
39,99,17
39,100,18
39,101,19
39,103,13
39,104,13
39,105,1
39,106,14
39,107,18
39,108,13
39,110,17
39,112,20
39,113,11
39,114,10
39,115,11
39,117,4
39,118,1
39,119,8
39,120,8
39,121,12
39,123,2
39,125,4
39,127,14
39,129,14
39,130,13
39,131,19
39,132,1
39,133,20
39,134,10
39,136,11
39,137,11
39,139,2
39,140,2
39,141,14
39,142,15
39,143,1
39,144,4
39,146,6
39,147,16
39,148,18
39,149,12
40,42,8
40,43,15
40,44,4
40,48,20
40,49,14
40,53,15
40,54,4
40,59,12
40,60,15
40,61,3
40,62,13
40,63,12
40,64,19
40,67,4
40,69,2
40,70,6
40,71,13
40,73,11
40,74,12
40,75,10
40,76,7
40,77,12
40,78,14
40,79,4
40,80,17
40,81,8
40,83,18
40,86,6
40,87,15
40,88,14
40,89,12
40,90,18
40,92,15
40,97,10
40,98,17
40,99,6
40,100,14
40,101,3
40,102,20
40,103,12
40,105,5
40,107,17
40,108,9
40,109,5
40,110,5
40,114,7
40,115,19
40,116,20
40,117,2
40,118,7
40,119,9
40,123,18
40,124,12
40,125,9
40,126,13
40,128,4
40,131,15
40,132,14
40,133,6
40,136,15
40,139,9
40,140,4
40,141,5
40,143,4
40,144,4
40,145,8
40,147,10
40,149,9
41,42,18
41,44,3
41,46,9
41,47,17
41,48,12
41,49,4
41,50,17
41,52,8
41,53,18
41,55,10
41,56,8
41,59,9
41,60,10
41,62,3
41,63,15
41,64,13
41,65,14
41,66,9
41,68,15
41,69,9
41,71,20
41,72,13
41,74,7
41,76,10
41,77,13
41,78,1
41,79,10
41,80,20
41,81,9
41,83,6
41,84,5
41,85,16
41,86,13
41,87,19
41,88,4
41,89,9
41,91,1
41,92,16
41,93,20
41,94,6
41,96,20
41,97,11
41,98,16
41,100,5
41,101,20
41,104,6
41,105,5
41,106,2
41,108,20
41,110,19
41,112,9
41,113,13
41,114,20
41,115,4
41,116,9
41,118,4
41,119,4
41,120,12
41,121,11
41,122,3
41,123,18
41,124,4
41,125,10
41,126,20
41,127,5
41,129,3
41,130,9
41,131,20
41,133,9
41,135,7
41,137,6
41,138,15
41,139,7
41,141,8
41,142,6
41,143,18
41,144,1
41,145,11
41,147,1
41,149,5
42,43,20
42,44,6
42,45,6
42,46,19
42,47,16
42,48,14
42,49,20
42,51,8
42,52,4
42,54,16
42,55,20
42,56,20
42,57,19
42,58,13
42,59,19
42,60,7
42,61,19
42,62,1
42,63,4
42,65,3
42,66,6
42,67,10
42,68,8
42,69,8
42,70,15
42,71,19
42,72,4
42,73,12
42,74,13
42,75,6
42,76,4
42,77,2
42,80,5
42,83,17
42,84,2
42,86,12
42,88,4
42,90,4
42,91,2
42,92,11
42,95,10
42,96,10
42,98,17
42,100,7
42,101,17
42,102,1
42,105,17
42,106,1
42,107,20
42,108,10
42,109,19
42,110,20
42,112,16
42,113,12
42,115,16
42,116,17
42,118,9
42,119,19
42,120,15
42,122,17
42,123,20
42,124,9
42,125,3
42,126,8
42,127,17
42,131,13
42,132,6
42,133,7
42,134,10
42,135,1
42,136,17
42,137,19
42,138,10
42,140,5
42,141,6
42,144,6
42,145,18
42,146,6
42,148,8
42,149,19
43,44,1
43,45,4
43,46,17
43,48,6
43,49,6
43,50,19
43,51,2
43,54,13
43,55,11
43,58,9
43,59,17
43,60,6
43,61,13
43,63,18
43,64,17
43,66,10
43,67,17
43,68,1
43,70,15
43,71,12
43,72,16
43,74,18
43,75,14
43,77,16
43,79,4
43,80,13
43,84,3
43,86,7
43,87,11
43,88,7
43,89,5
43,90,3
43,91,20
43,96,17
43,97,1
43,98,4
43,99,16
43,100,9
43,101,12
43,102,12
43,103,16
43,104,6
43,105,8
43,107,4
43,108,9
43,109,6
43,110,7
43,111,18
43,112,12
43,113,14
43,114,7
43,115,7
43,116,10
43,118,3
43,119,9
43,120,9
43,121,4
43,122,14
43,123,13
43,124,16
43,126,20
43,127,3
43,128,1
43,129,19
43,130,5
43,131,2
43,132,6
43,135,17
43,137,4
43,138,1
43,139,19
43,140,5
43,141,16
43,142,20
43,144,14
43,146,2
43,147,2
43,148,17
44,45,20
44,46,3
44,47,3
44,48,19
44,49,19
44,50,9
44,51,1
44,53,20
44,54,16
44,58,13
44,59,18
44,63,15
44,64,5
44,65,16
44,66,16
44,67,3
44,68,13
44,70,13
44,72,3
44,73,16
44,74,1
44,75,3
44,76,9
44,77,11
44,78,16
44,79,19
44,80,18
44,81,5
44,83,18
44,84,9
44,85,4
44,86,6
44,87,5
44,88,18
44,89,19
44,90,7
44,92,19
44,94,11
44,96,9
44,97,12
44,99,9
44,100,17
44,101,5
44,102,14
44,104,10
44,105,15
44,111,5
44,112,16
44,113,10
44,115,10
44,116,4
44,117,8
44,118,6
44,122,18
44,123,3
44,124,18
44,125,11
44,126,13
44,127,11
44,128,3
44,129,3
44,131,13
44,132,8
44,133,1
44,135,11
44,136,9
44,137,14
44,138,4
44,139,13
44,140,11
44,141,6
44,142,10
44,143,19
44,145,9
44,146,7
44,147,20
44,148,4
44,149,3
45,46,20
45,47,3
45,49,7
45,50,11
45,51,6
45,53,8
45,55,20
45,56,16
45,57,13
45,59,19
45,60,9
45,62,8
45,63,11
45,65,19
45,67,6
45,68,4
45,72,14
45,73,6
45,78,5
45,80,13
45,83,12
45,84,3
45,85,3
45,86,4
45,88,19
45,90,11
45,92,16
45,93,9
45,94,2
45,95,17
45,96,17
45,97,15
45,99,2
45,101,6
45,102,17
45,103,9
45,104,9
45,105,17
45,107,18
45,109,10
45,113,9
45,115,16
45,116,20
45,117,7
45,119,16
45,120,20
45,121,11
45,122,19
45,124,2
45,127,19
45,128,4
45,129,14
45,134,9
45,135,7
45,136,9
45,137,14
45,139,4
45,140,17
45,141,19
45,142,12
45,143,16
45,144,18
45,148,6
46,47,2
46,48,4
46,49,19
46,51,14
46,53,2
46,54,18
46,57,19
46,59,9
46,60,3
46,61,8
46,63,18
46,64,6
46,66,8
46,67,1
46,68,17
46,70,8
46,71,7
46,72,8
46,76,9
46,78,5
46,79,8
46,80,16
46,81,3
46,82,19
46,83,18
46,85,18
46,86,15
46,87,2
46,88,6
46,89,3
46,90,15
46,91,6
46,92,17
46,93,4
46,94,5
46,97,6
46,98,14
46,99,5
46,100,20
46,101,2
46,102,14
46,103,17
46,104,14
46,105,20
46,107,14
46,108,19
46,109,7
46,111,20
46,112,18
46,113,8
46,117,1
46,118,18
46,119,7
46,120,10
46,121,16
46,124,11
46,126,18
46,127,5
46,128,8
46,129,6
46,130,3
46,132,13
46,134,19
46,135,10
46,136,15
46,143,4
46,144,13
46,145,8
46,146,15
46,147,10
46,148,12
46,149,16
47,48,2
47,49,15
47,50,9
47,51,1
47,52,6
47,53,8
47,54,7
47,55,14
47,57,6
47,59,1
47,60,4
47,62,7
47,63,9
47,67,6
47,68,18
47,70,5
47,71,8
47,72,13
47,73,19
47,75,20
47,76,6
47,77,1
47,78,16
47,79,2
47,80,6
47,83,11
47,84,10
47,85,15
47,87,13
47,88,9
47,89,18
47,90,4
47,91,9
47,92,5
47,93,9
47,94,17
47,95,16
47,96,10
47,97,5
47,98,10
47,99,16
47,100,20
47,101,2
47,102,7
47,103,11
47,104,4
47,108,11
47,110,4
47,114,6
47,115,1
47,116,3
47,117,18
47,118,14
47,120,19
47,122,20
47,123,3
47,125,11
47,126,7
47,127,16
47,128,6
47,129,4
47,132,20
47,133,16
47,134,12
47,135,17
47,136,7
47,137,9
47,138,2
47,140,13
47,141,9
47,142,17
47,143,11
47,145,15
47,146,19
47,148,1
48,49,16
48,50,4
48,51,16
48,53,10
48,56,11
48,57,17
48,58,4
48,59,15
48,60,5
48,61,7
48,62,6
48,65,20
48,68,3
48,70,15
48,71,18
48,72,4
48,73,7
48,74,20
48,76,10
48,77,16
48,78,18
48,79,2
48,80,8
48,81,5
48,82,17
48,84,1
48,85,19
48,86,18
48,87,4
48,88,7
48,89,18
48,90,15
48,92,7
48,94,1
48,96,12
48,97,12
48,98,16
48,100,20
48,101,3
48,103,4
48,104,3
48,105,2
48,108,16
48,109,12
48,111,5
48,113,19
48,114,2
48,115,9
48,116,13
48,117,14
48,118,19
48,119,16
48,120,3
48,122,4
48,123,11
48,124,6
48,126,10
48,127,20
48,128,6
48,129,13
48,130,2
48,131,17
48,132,4
48,133,1
48,135,20
48,136,13
48,139,17
48,141,12
48,142,8
48,143,11
48,144,1
48,146,13
48,147,10
48,148,9
48,149,6
49,50,4
49,51,14
49,52,20
49,54,9
49,55,20
49,56,17
49,57,10
49,58,6
49,59,17
49,60,11
49,61,5
49,62,1
49,63,15
49,67,2
49,70,4
49,72,12
49,73,12
49,74,9
49,75,13
49,76,1
49,77,13
49,78,18
49,80,19
49,81,20
49,85,15
49,86,3
49,87,2
49,89,10
49,90,20
49,91,8
49,92,20
49,93,11
49,95,6
49,96,3
49,101,2
49,102,10
49,103,2
49,105,16
49,109,12
49,110,7
49,111,7
49,112,9
49,114,20
49,116,5
49,117,10
49,118,20
49,119,20
49,122,18
49,123,11
49,125,1
49,128,3
49,129,13
49,130,9
49,132,2
49,133,2
49,134,12
49,135,3
49,137,10
49,138,15
49,139,13
49,140,9
49,143,10
49,145,10
49,146,19
49,148,2
50,51,14
50,52,4
50,53,1
50,55,20
50,56,9
50,58,16
50,59,5
50,60,8
50,61,4
50,64,1
50,65,3
50,67,10
50,68,12
50,69,20
50,71,13
50,75,14
50,77,3
50,80,1
50,83,16
50,84,11
50,88,16
50,89,11
50,90,6
50,93,20
50,94,18
50,96,7
50,97,11
50,98,13
50,99,18
50,100,3
50,101,18
50,105,13
50,107,5
50,108,6
50,109,6
50,111,17
50,113,16
50,115,17
50,116,15
50,117,2
50,118,2
50,119,1
50,121,2
50,122,9
50,124,1
50,125,1
50,127,15
50,128,6
50,131,6
50,132,8
50,134,16
50,135,8
50,136,5
50,138,6
50,140,16
50,141,3
50,142,5
50,144,3
50,145,3
50,146,1
51,52,1
51,53,10
51,55,10
51,56,20
51,57,13
51,58,10
51,59,5
51,60,15
51,63,17
51,64,7
51,65,18
51,66,6
51,67,5
51,68,2
51,69,15
51,70,20
51,73,2
51,74,3
51,75,19
51,77,10
51,78,9
51,79,7
51,80,20
51,82,11
51,84,18
51,85,5
51,86,5
51,87,6
51,88,19
51,89,16
51,91,19
51,93,11
51,94,11
51,95,18
51,96,20
51,97,6
51,98,14
51,99,19
51,100,16
51,101,14
51,102,7
51,103,4
51,104,11
51,105,6
51,106,4
51,107,14
51,108,6
51,109,8
51,110,4
51,111,11
51,113,6
51,114,17
51,116,19
51,118,19
51,120,17
51,121,12
51,123,20
51,124,20
51,125,6
51,126,13
51,129,16
51,132,17
51,134,9
51,135,8
51,138,11
51,139,10
51,140,20
51,142,19
51,143,18
51,149,3
52,54,2
52,56,4
52,57,7
52,58,18
52,62,7
52,63,20
52,64,18
52,65,2
52,66,16
52,67,19
52,68,1
52,69,3
52,70,1
52,72,15
52,74,7
52,75,5
52,76,18
52,77,13
52,78,11
52,79,5
52,80,8
52,82,5
52,83,12
52,84,3
52,86,13
52,87,1
52,88,12
52,89,4
52,90,8
52,91,15
52,96,3
52,97,20
52,98,19
52,99,13
52,100,15
52,101,6
52,102,11
52,103,14
52,104,19
52,106,8
52,107,11
52,108,12
52,109,5
52,110,17
52,111,4
52,112,1
52,113,17
52,115,4
52,116,5
52,117,5
52,119,7
52,120,2
52,122,18
52,123,4
52,124,16
52,125,9
52,126,7
52,127,12
52,128,12
52,129,17
52,131,13
52,132,14
52,133,11
52,135,13
52,136,7
52,137,17
52,138,4
52,139,8
52,140,13
52,142,8
52,143,11
52,144,3
52,145,4
52,146,3
52,147,2
52,148,12
52,149,15
53,54,4
53,56,7
53,59,15
53,62,15
53,63,13
53,64,12
53,65,17
53,67,14
53,68,1
53,69,16
53,70,6
53,71,5
53,73,4
53,75,15
53,76,6
53,77,15
53,78,17
53,79,10
53,80,13
53,81,15
53,82,7
53,83,5
53,84,6
53,86,2
53,87,19
53,88,5
53,89,4
53,90,5
53,91,17
53,95,5
53,99,5
53,101,2
53,102,2
53,104,15
53,105,3
53,107,16
53,110,17
53,111,18
53,112,1
53,114,19
53,115,20
53,116,1
53,117,2
53,118,1
53,119,5
53,120,17
53,121,17
53,122,11
53,123,11
53,124,5
53,125,8
53,128,5
53,130,3
53,132,4
53,133,17
53,135,10
53,136,9
53,138,3
53,139,12
53,140,20
53,141,12
53,142,14
53,143,16
53,144,14
53,146,12
53,147,7
53,148,10
53,149,20
54,55,14
54,57,8
54,59,15
54,60,13
54,61,3
54,62,8
54,63,20
54,66,12
54,67,16
54,68,7
54,71,14
54,73,1
54,74,9
54,75,9
54,76,2
54,79,6
54,81,17
54,82,17
54,83,8
54,84,6
54,85,19
54,87,15
54,88,7
54,91,13
54,92,15
54,93,13
54,94,9
54,95,18
54,96,5
54,97,3
54,99,4
54,101,4
54,102,9
54,103,15
54,105,11
54,106,13
54,107,12
54,109,8
54,110,8
54,111,5
54,113,20
54,114,3
54,116,19
54,117,5
54,118,5
54,119,6
54,121,9
54,122,12
54,124,10
54,125,3
54,127,14
54,128,18
54,129,16
54,130,20
54,131,11
54,132,1
54,133,2
54,137,8
54,139,2
54,140,13
54,141,7
54,142,14
54,143,9
54,144,18
54,145,19
54,146,5
54,148,12
54,149,2
55,57,19
55,59,15
55,60,19
55,62,4
55,63,10
55,64,13
55,66,11
55,68,3
55,70,11
55,71,5
55,72,6
55,75,13
55,76,12
55,78,6
55,80,9
55,81,2
55,84,2
55,85,20
55,86,7
55,87,2
55,88,15
55,89,1
55,90,18
55,91,11
55,93,18
55,94,10
55,95,17
55,96,10
55,98,11
55,101,14
55,102,4
55,104,5
55,106,14
55,107,13
55,108,9
55,111,17
55,112,9
55,113,18
55,114,13
55,115,16
55,117,2
55,118,12
55,119,11
55,120,8
55,121,1
55,123,19
55,124,10
55,125,9
55,127,10
55,128,17
55,130,6
55,138,3
55,139,5
55,140,11
55,141,1
55,142,18
55,143,1
55,145,11
55,146,6
55,148,20
55,149,3
56,57,20
56,58,2
56,59,10
56,60,8
56,61,15
56,62,3
56,63,10
56,65,14
56,68,20
56,69,17
56,71,16
56,73,11
56,74,13
56,75,11
56,77,20
56,78,12
56,79,19
56,80,13
56,82,9
56,83,4
56,85,4
56,86,4
56,87,1
56,88,10
56,89,1
56,90,20
56,91,16
56,92,15
56,93,9
56,94,8
56,96,6
56,98,5
56,99,3
56,100,7
56,103,12
56,104,5
56,105,7
56,106,16
56,108,9
56,109,6
56,111,8
56,112,16
56,113,9
56,115,16
56,116,1
56,117,12
56,118,5
56,119,17
56,120,8
56,121,16
56,122,7
56,123,18
56,124,17
56,126,6
56,127,20
56,128,19
56,130,10
56,131,3
56,132,3
56,137,14
56,138,15
56,141,18
56,142,4
56,143,10
56,144,1
56,145,9
56,146,16
56,147,13
56,148,19
56,149,14
57,58,18
57,60,16
57,61,10
57,62,3
57,63,6
57,64,8
57,66,18
57,67,7
57,68,2
57,70,12
57,71,3
57,72,18
57,73,1
57,74,4
57,75,4
57,76,10
57,77,3
57,78,2
57,79,5
57,81,3
57,82,6
57,83,5
57,84,2
57,85,7
57,86,13
57,87,17
57,88,20
57,89,2
57,90,6
57,91,5
57,96,8
57,97,3
57,98,12
57,99,3
57,103,8
57,104,15
57,105,12
57,106,16
57,108,11
57,109,15
57,111,16
57,112,4
57,113,8
57,114,14
57,115,7
57,119,13
57,120,19
57,121,4
57,123,19
57,124,12
57,125,9
57,126,16
57,128,2
57,130,13
57,131,9
57,132,5
57,134,18
57,135,20
57,137,19
57,138,10
57,139,5
57,141,3
57,142,13
57,143,18
57,144,5
57,145,4
57,147,13
57,148,7
58,59,16
58,60,18
58,61,12
58,62,15
58,63,16
58,64,13
58,65,13
58,67,4
58,70,17
58,71,1
58,74,19
58,75,17
58,76,13
58,77,15
58,79,12
58,80,8
58,81,15
58,83,6
58,84,9
58,85,2
58,86,19
58,88,8
58,89,3
58,90,15
58,91,1
58,92,1
58,93,20
58,95,7
58,96,20
58,97,4
58,99,3
58,100,13
58,101,9
58,103,16
58,105,16
58,106,17
58,107,1
58,108,3
58,109,3
58,111,20
58,112,11
58,114,17
58,115,14
58,116,1
58,117,10
58,118,2
58,120,13
58,121,3
58,123,15
58,124,2
58,126,1
58,127,17
58,132,18
58,135,16
58,137,5
58,138,4
58,139,5
58,140,17
58,143,13
58,144,16
58,146,20
58,148,6
58,149,9
59,60,17
59,61,2
59,62,1
59,63,17
59,64,19
59,65,17
59,66,19
59,67,2
59,68,2
59,69,15
59,70,13
59,73,7
59,74,18
59,76,12
59,78,12
59,79,18
59,80,9
59,82,3
59,83,4
59,85,15
59,86,7
59,87,2
59,94,7
59,95,14
59,96,17
59,98,6
59,100,11
59,101,20
59,102,11
59,103,9
59,105,1
59,106,8
59,107,3
59,110,3
59,112,4
59,113,13
59,114,3
59,115,6
59,117,4
59,118,2
59,119,11
59,121,19
59,122,2
59,123,17
59,124,1
59,125,5
59,126,15
59,127,12
59,128,2
59,129,17
59,130,6
59,132,8
59,133,6
59,134,5
59,135,14
59,137,17
59,138,1
59,140,8
59,141,6
59,142,8
59,143,8
59,144,11
59,146,17
59,147,1
60,62,17
60,63,9
60,65,16
60,67,10
60,68,3
60,70,6
60,71,17
60,72,8
60,73,1
60,74,6
60,75,9
60,78,17
60,79,16
60,81,15
60,82,1
60,83,13
60,84,19
60,88,4
60,89,5
60,91,13
60,92,8
60,93,6
60,94,15
60,96,14
60,98,2
60,99,14
60,100,5
60,101,20
60,102,10
60,103,11
60,105,17
60,106,17
60,107,7
60,108,9
60,111,17
60,112,13
60,113,9
60,114,1
60,115,16
60,116,14
60,117,5
60,118,3
60,120,13
60,121,20
60,122,3
60,123,20
60,124,3
60,125,18
60,133,6
60,134,5
60,136,17
60,137,17
60,138,3
60,142,17
60,143,9
60,144,6
60,146,8
60,147,20
60,148,4
60,149,8
61,64,11
61,66,12
61,68,15
61,69,10
61,71,8
61,72,17
61,73,19
61,75,7
61,76,10
61,82,7
61,84,8
61,89,14
61,90,4
61,92,4
61,95,15
61,96,13
61,97,1
61,101,12
61,102,4
61,104,18
61,105,2
61,107,8
61,108,3
61,109,13
61,111,7
61,112,16
61,113,15
61,114,2
61,115,4
61,116,9
61,118,7
61,119,18
61,120,2
61,121,14
61,123,14
61,124,18
61,125,19
61,126,16
61,127,11
61,128,1
61,130,15
61,131,9
61,132,10
61,133,15
61,134,10
61,136,18
61,138,10
61,139,17
61,140,14
61,141,12
61,142,1
61,143,9
61,144,16
61,147,8
61,148,17
61,149,9
62,63,12
62,64,3
62,65,9
62,66,2
62,68,15
62,69,2
62,70,12
62,72,16
62,74,1
62,75,9
62,76,6
62,77,3
62,78,4
62,79,18
62,81,1
62,84,4
62,85,11
62,86,13
62,88,2
62,89,11
62,90,16
62,91,20
62,93,15
62,94,9
62,96,12
62,97,2
62,98,17
62,99,17
62,100,4
62,101,9
62,102,13
62,104,15
62,106,2
62,108,15
62,110,14
62,113,10
62,116,4
62,121,17
62,123,5
62,125,7
62,126,11
62,127,1
62,128,5
62,129,13
62,130,20
62,131,10
62,132,8
62,133,17
62,134,16
62,135,5
62,136,8
62,137,8
62,138,17
62,139,10
62,140,2
62,144,14
62,147,8
62,148,7
62,149,11
63,64,9
63,65,4
63,66,4
63,67,17
63,68,1
63,70,16
63,71,2
63,74,17
63,77,8
63,79,1
63,80,4
63,82,14
63,84,12
63,86,6
63,87,17
63,88,9
63,89,9
63,91,11
63,92,1
63,93,15
63,94,3
63,95,3
63,97,10
63,98,18
63,99,18
63,100,12
63,101,10
63,106,8
63,108,7
63,110,12
63,111,8
63,112,1
63,113,20
63,114,8
63,115,13
63,116,14
63,117,17
63,119,19
63,120,7
63,122,14
63,123,8
63,124,8
63,127,7
63,128,11
63,129,11
63,130,14
63,132,7
63,135,15
63,136,5
63,137,1
63,140,9
63,141,7
63,142,4
63,143,17
63,146,19
63,147,20
63,148,10
63,149,4
64,65,18
64,66,20
64,67,13
64,68,20
64,69,1
64,71,10
64,72,20
64,73,16
64,74,1
64,76,14
64,77,9
64,78,7
64,79,7
64,80,4
64,81,13
64,82,11
64,83,8
64,84,16
64,85,18
64,86,6
64,87,19
64,88,11
64,89,4
64,92,10
64,93,19
64,94,13
64,95,5
64,97,14
64,98,1
64,99,18
64,100,10
64,102,15
64,103,4
64,104,3
64,106,4
64,109,16
64,111,2
64,112,4
64,114,19
64,115,15
64,116,8
64,117,13
64,118,14
64,119,12
64,121,17
64,122,9
64,123,2
64,124,8
64,125,2
64,126,5
64,128,1
64,129,11
64,130,1
64,132,1
64,133,11
64,134,5
64,135,3
64,136,14
64,137,17
64,138,2
64,139,12
64,140,10
64,141,17
64,144,4
64,146,3
64,147,11
64,148,13
65,67,13
65,68,16
65,69,8
65,70,11
65,71,16
65,72,10
65,73,13
65,74,10
65,77,7
65,79,17
65,80,6
65,81,5
65,82,17
65,83,12
65,84,14
65,85,6
65,87,16
65,88,2
65,89,13
65,90,14
65,92,18
65,94,13
65,95,19
65,96,18
65,98,18
65,99,2
65,100,20
65,101,9
65,102,6
65,104,5
65,105,15
65,106,9
65,108,13
65,109,15
65,110,9
65,112,19
65,113,16
65,114,8
65,115,14
65,116,18
65,118,20
65,119,1
65,120,2
65,121,14
65,123,11
65,124,20
65,125,8
65,127,9
65,129,15
65,130,5
65,131,9
65,132,14
65,133,13
65,136,5
65,138,6
65,141,14
65,142,8
65,143,8
65,146,15
65,147,1
65,148,11
65,149,11
66,67,19
66,68,3
66,69,12
66,70,9
66,72,12
66,73,1
66,74,1
66,76,7
66,77,17
66,78,1
66,79,7
66,80,20
66,81,2
66,82,20
66,83,4
66,86,13
66,87,14
66,88,15
66,89,13
66,90,5
66,91,3
66,92,6
66,95,18
66,97,7
66,98,11
66,100,15
66,101,2
66,102,14
66,103,19
66,105,14
66,107,6
66,108,5
66,109,6
66,112,1
66,114,2
66,115,9
66,118,5
66,120,17
66,121,11
66,122,3
66,123,2
66,124,8
66,125,19
66,126,9
66,127,15
66,128,4
66,129,5
66,130,18
66,131,13
66,132,12
66,133,12
66,134,15
66,135,6
66,137,15
66,138,1
66,139,12
66,140,3
66,141,14
66,144,7
66,145,11
66,146,16
66,149,12
67,68,17
67,69,7
67,70,20
67,72,19
67,73,15
67,74,12
67,75,14
67,77,5
67,78,1
67,79,20
67,81,17
67,82,15
67,83,15
67,84,18
67,85,15
67,86,11
67,88,10
67,89,5
67,90,9
67,91,2
67,92,9
67,94,5
67,95,1
67,96,10
67,98,5
67,100,10
67,101,6
67,103,14
67,105,18
67,107,16
67,108,10
67,109,7
67,110,13
67,112,5
67,114,19
67,115,8
67,117,17
67,118,12
67,119,11
67,120,19
67,122,11
67,123,7
67,124,3
67,125,20
67,126,2
67,129,16
67,130,3
67,132,14
67,134,13
67,135,6
67,136,11
67,138,10
67,139,14
67,140,6
67,141,5
67,142,6
67,143,20
67,144,1
67,145,1
67,146,5
67,147,14
67,148,13
68,69,12
68,72,11
68,73,17
68,74,5
68,75,5
68,77,10
68,79,18
68,81,5
68,82,8
68,83,5
68,85,9
68,86,15
68,87,9
68,89,18
68,90,7
68,91,12
68,92,10
68,93,8
68,94,10
68,96,18
68,97,20
68,98,13
68,99,1
68,100,17
68,103,4
68,104,16
68,105,9
68,107,7
68,110,11
68,111,8
68,114,7
68,115,7
68,116,6
68,117,9
68,120,13
68,121,8
68,123,13
68,124,18
68,125,19
68,126,15
68,127,5
68,128,17
68,130,2
68,132,20
68,133,20
68,136,15
68,138,12
68,140,10
68,142,16
68,143,1
68,144,15
68,145,4
68,146,17
68,147,16
68,148,18
69,70,12
69,71,9
69,72,12
69,73,9
69,75,6
69,76,6
69,78,19
69,79,15
69,81,12
69,82,20
69,83,11
69,84,12
69,85,9
69,87,3
69,88,17
69,91,18
69,93,5
69,97,2
69,100,5
69,101,19
69,102,12
69,103,4
69,104,20
69,106,11
69,107,15
69,108,10
69,109,15
69,110,10
69,111,15
69,112,13
69,114,2
69,115,7
69,117,18
69,118,12
69,119,3
69,120,11
69,121,17
69,123,10
69,124,20
69,127,4
69,128,17
69,129,1
69,131,2
69,132,17
69,133,7
69,135,16
69,136,4
69,138,17
69,139,7
69,140,8
69,141,18
69,142,16
69,144,11
69,145,19
69,147,2
69,148,4
69,149,12
70,72,6
70,76,20
70,77,20
70,78,14
70,79,11
70,80,10
70,81,11
70,84,10
70,85,15
70,86,17
70,87,6
70,88,5
70,90,2
70,91,18
70,92,19
70,93,20
70,94,14
70,95,2
70,96,6
70,97,11
70,98,3
70,99,2
70,101,19
70,103,1
70,104,18
70,105,16
70,106,17
70,109,17
70,110,17
70,111,5
70,112,8
70,113,10
70,114,17
70,115,12
70,116,19
70,117,1
70,118,20
70,119,12
70,120,2
70,121,19
70,122,17
70,123,18
70,124,20
70,126,2
70,127,9
70,129,3
70,130,14
70,132,1
70,134,7
70,135,5
70,136,9
70,137,8
70,138,6
70,139,1
70,140,1
70,141,8
70,142,4
70,143,2
70,144,2
70,145,14
70,146,8
70,147,4
70,149,6
71,72,8
71,74,7
71,77,7
71,78,10
71,79,18
71,80,12
71,81,8
71,82,18
71,83,11
71,84,15
71,86,11
71,87,2
71,88,1
71,89,1
71,90,15
71,91,4
71,92,2
71,94,2
71,95,9
71,98,13
71,99,19
71,101,20
71,102,11
71,105,5
71,106,9
71,108,4
71,109,9
71,110,8
71,111,7
71,112,14
71,113,1
71,114,14
71,116,15
71,117,16
71,118,9
71,119,11
71,120,12
71,121,9
71,123,7
71,124,18
71,125,9
71,126,14
71,127,15
71,128,9
71,129,5
71,130,4
71,132,17
71,134,15
71,136,19
71,137,15
71,138,17
71,139,3
71,140,15
71,141,5
71,142,15
71,144,15
71,145,16
71,146,4
71,148,17
71,149,3
72,73,14
72,74,3
72,75,18
72,76,1
72,77,15
72,78,16
72,79,13
72,80,14
72,81,3
72,82,1
72,83,10
72,84,8
72,85,8
72,86,5
72,87,12
72,88,3
72,90,20
72,91,11
72,94,8
72,95,10
72,96,13
72,97,13
72,99,18
72,101,17
72,102,1
72,105,20
72,106,10
72,107,20
72,108,3
72,110,14
72,112,17
72,114,8
72,117,8
72,119,1
72,120,20
72,121,15
72,124,5
72,125,11
72,126,8
72,127,8
72,128,7
72,129,2
72,130,3
72,132,12
72,133,4
72,134,1
72,135,1
72,136,2
72,138,11
72,139,2
72,140,3
72,141,19
72,142,14
72,143,10
72,144,4
72,148,12
72,149,7
73,75,18
73,76,15
73,77,15
73,78,1
73,79,4
73,80,5
73,82,11
73,87,13
73,88,3
73,89,10
73,90,20
73,91,18
73,92,18
73,93,15
73,94,8
73,95,8
73,96,8
73,97,11
73,98,13
73,99,16
73,100,12
73,101,16
73,102,8
73,103,16
73,104,3
73,106,17
73,108,1
73,109,18
73,111,10
73,112,8
73,113,15
73,115,1
73,116,9
73,117,13
73,118,20
73,119,4
73,121,19
73,123,19
73,124,16
73,125,20
73,128,2
73,129,17
73,130,3
73,132,11
73,133,10
73,134,6
73,135,2
73,136,6
73,138,2
73,139,8
73,141,4
73,142,19
73,143,5
73,144,7
73,145,13
73,146,3
73,147,20
74,75,13
74,76,7
74,79,20
74,83,7
74,85,5
74,86,1
74,88,11
74,90,14
74,91,7
74,92,18
74,94,8
74,97,5
74,102,4
74,103,17
74,104,4
74,106,18
74,107,13
74,108,12
74,110,10
74,112,17
74,113,4
74,115,14
74,116,20
74,119,8
74,121,4
74,124,13
74,125,9
74,126,20
74,127,19
74,128,17
74,129,4
74,130,14
74,131,12
74,132,17
74,133,3
74,134,16
74,136,7
74,137,19
74,138,4
74,140,2
74,144,18
74,145,17
74,148,7
75,76,11
75,80,10
75,81,13
75,83,14
75,84,15
75,86,7
75,88,4
75,94,2
75,95,13
75,96,19
75,97,15
75,98,19
75,101,12
75,102,2
75,105,13
75,106,1
75,107,6
75,110,15
75,111,9
75,113,5
75,114,5
75,116,5
75,117,6
75,118,11
75,119,5
75,124,14
75,125,14
75,128,3
75,129,20
75,130,2
75,132,2
75,134,20
75,135,17
75,136,18
75,139,9
75,140,7
75,141,9
75,143,14
75,146,11
75,147,3
75,148,14
75,149,13
76,78,4
76,79,18
76,80,2
76,82,20
76,83,17
76,84,20
76,87,6
76,88,3
76,91,15
76,93,14
76,94,15
76,98,9
76,101,12
76,102,14
76,103,20
76,105,11
76,108,5
76,109,11
76,110,6
76,111,10
76,112,13
76,113,14
76,114,1
76,116,20
76,118,4
76,119,4
76,120,16
76,121,14
76,124,3
76,125,13
76,126,9
76,127,20
76,129,5
76,130,2
76,131,2
76,132,16
76,134,12
76,137,4
76,140,11
76,141,8
76,142,4
76,143,16
76,144,10
76,146,4
76,147,4
76,148,1
76,149,5
77,78,17
77,79,1
77,81,16
77,83,9
77,84,10
77,85,1
77,86,4
77,87,11
77,88,18
77,89,10
77,90,3
77,92,14
77,93,8
77,94,8
77,95,1
77,96,19
77,97,19
77,98,5
77,102,11
77,105,18
77,106,8
77,107,17
77,108,16
77,109,15
77,110,2
77,111,4
77,112,7
77,113,1
77,114,10
77,115,14
77,118,8
77,119,7
77,120,12
77,121,16
77,122,5
77,123,1
77,125,12
77,126,4
77,127,9
77,128,14
77,129,13
77,132,13
77,133,6
77,134,9
77,135,11
77,137,20
77,138,6
77,140,11
77,142,14
77,144,1
77,149,4
78,79,20
78,80,3
78,82,2
78,83,6
78,84,6
78,85,19
78,86,15
78,87,9
78,88,8
78,89,18
78,90,6
78,92,19
78,93,16
78,94,18
78,95,1
78,96,11
78,99,20
78,100,6
78,101,11
78,102,12
78,103,19
78,104,12
78,105,14
78,106,18
78,109,3
78,110,16
78,113,6
78,114,18
78,117,1
78,119,11
78,120,12
78,121,1
78,122,6
78,123,20
78,124,2
78,126,2
78,127,12
78,128,1
78,130,7
78,131,18
78,132,19
78,133,5
78,134,19
78,135,16
78,136,6
78,137,2
78,139,12
78,141,18
78,142,10
78,143,8
78,144,14
78,145,9
78,146,2
78,148,4
78,149,10
79,80,9
79,82,17
79,83,12
79,84,16
79,85,2
79,86,4
79,90,11
79,91,1
79,93,6
79,94,1
79,95,13
79,97,11
79,99,18
79,100,4
79,105,5
79,106,19
79,107,15
79,110,11
79,111,19
79,112,2
79,113,14
79,114,7
79,115,5
79,118,1
79,119,10
79,120,8
79,123,6
79,125,17
79,126,10
79,129,10
79,130,1
79,134,5
79,135,3
79,136,5
79,138,3
79,143,19
79,145,20
79,146,5
80,81,9
80,84,16
80,86,10
80,87,5
80,88,11
80,89,3
80,91,9
80,92,20
80,93,2
80,95,8
80,97,1
80,98,9
80,99,16
80,101,12
80,102,20
80,104,9
80,106,12
80,108,7
80,111,6
80,112,5
80,113,17
80,114,20
80,116,17
80,117,19
80,118,16
80,119,7
80,120,15
80,121,18
80,123,3
80,124,16
80,126,20
80,128,2
80,130,4
80,132,19
80,134,5
80,135,20
80,136,5
80,137,12
80,138,6
80,139,18
80,140,2
80,142,18
80,143,14
80,144,12
80,145,20
80,146,15
80,147,17
80,148,20
81,82,17
81,83,1
81,84,1
81,85,13
81,86,9
81,87,13
81,89,9
81,90,3
81,93,1
81,94,3
81,95,10
81,97,9
81,98,19
81,100,10
81,103,8
81,104,17
81,105,4
81,107,9
81,109,9
81,110,15
81,111,19
81,114,11
81,115,17
81,116,10
81,118,14
81,119,17
81,120,18
81,121,6
81,122,3
81,123,8
81,125,15
81,128,1
81,130,6
81,134,12
81,136,5
81,137,17
81,139,1
81,140,13
81,142,12
81,144,20
82,83,6
82,84,7
82,85,15
82,86,15
82,88,6
82,90,13
82,91,6
82,92,18
82,93,8
82,94,16
82,95,11
82,98,4
82,99,9
82,100,8
82,101,7
82,103,12
82,104,12
82,105,18
82,106,3
82,107,3
82,108,2
82,109,18
82,110,1
82,111,8
82,112,6
82,113,5
82,117,10
82,118,19
82,120,13
82,121,11
82,122,14
82,123,18
82,124,3
82,127,17
82,128,5
82,129,17
82,130,3
82,131,1
82,132,1
82,133,4
82,136,15
82,137,13
82,139,2
82,140,2
82,141,10
82,142,5
82,143,12
82,145,5
82,147,9
82,148,3
82,149,1
83,84,10
83,85,2
83,86,7
83,87,16
83,88,9
83,89,13
83,91,1
83,93,17
83,94,20
83,95,5
83,98,4
83,99,18
83,100,15
83,101,3
83,103,11
83,104,2
83,105,14
83,106,17
83,107,17
83,108,7
83,109,13
83,112,5
83,113,16
83,114,7
83,118,20
83,119,5
83,120,13
83,122,19
83,123,11
83,124,9
83,125,19
83,126,20
83,127,3
83,128,16
83,129,17
83,130,1
83,131,9
83,132,11
83,133,20
83,135,14
83,136,3
83,137,17
83,138,11
83,140,2
83,141,17
83,143,1
83,144,9
83,145,18
83,146,9
83,149,10
84,86,10
84,87,17
84,88,17
84,89,8
84,90,11
84,92,12
84,94,13
84,95,11
84,97,17
84,98,4
84,99,3
84,102,10
84,103,1
84,105,12
84,111,13
84,112,20
84,116,10
84,117,8
84,118,11
84,119,15
84,120,5
84,121,18
84,122,16
84,123,17
84,125,19
84,126,1
84,127,6
84,128,11
84,131,1
84,132,7
84,133,18
84,134,4
84,135,10
84,136,14
84,137,4
84,138,6
84,139,9
84,140,14
84,142,6
84,143,2
84,144,2
84,146,19
84,147,18
84,148,16
84,149,12
85,86,18
85,88,4
85,89,11
85,90,11
85,91,15
85,92,12
85,93,20
85,94,16
85,95,7
85,96,20
85,97,9
85,98,9
85,99,16
85,100,14
85,101,15
85,103,11
85,104,7
85,105,17
85,106,17
85,107,6
85,108,11
85,109,17
85,111,1
85,115,11
85,116,16
85,117,17
85,118,18
85,119,20
85,120,19
85,121,18
85,122,14
85,123,11
85,124,7
85,125,18
85,126,1
85,128,10
85,129,3
85,130,9
85,131,17
85,133,6
85,134,17
85,136,8
85,137,9
85,139,2
85,142,4
85,143,18
85,144,17
85,146,4
85,147,8
85,149,13
86,87,20
86,88,14
86,89,7
86,90,15
86,92,9
86,93,13
86,95,2
86,97,20
86,98,2
86,101,13
86,102,19
86,103,20
86,104,13
86,105,17
86,106,20
86,107,19
86,109,7
86,111,14
86,112,13
86,115,1
86,116,3
86,119,8
86,120,1
86,121,12
86,122,2
86,124,3
86,125,16
86,127,1
86,128,5
86,129,16
86,130,16
86,132,19
86,133,10
86,135,17
86,137,5
86,138,16
86,139,14
86,141,18
86,142,3
86,144,15
86,146,9
86,147,19
86,148,17
86,149,6
87,88,15
87,89,12
87,92,11
87,93,16
87,94,5
87,95,11
87,96,1
87,97,6
87,98,18
87,101,2
87,103,18
87,104,6
87,105,3
87,106,16
87,107,2
87,108,11
87,110,5
87,111,8
87,113,2
87,114,11
87,115,20
87,117,16
87,118,7
87,119,17
87,120,12
87,122,4
87,124,11
87,126,18
87,128,16
87,129,18
87,131,11
87,132,18
87,133,1
87,134,20
87,135,15
87,136,10
87,137,20
87,138,8
87,140,1
87,141,11
87,143,10
87,144,16
87,146,15
87,147,9
87,148,6
87,149,2
88,90,9
88,91,18
88,95,20
88,99,2
88,100,1
88,103,17
88,104,10
88,105,14
88,106,8
88,107,7
88,109,19
88,110,18
88,111,19
88,112,13
88,113,11
88,114,9
88,115,2
88,116,18
88,117,4
88,119,15
88,120,3
88,122,8
88,123,3
88,124,1
88,127,20
88,128,6
88,129,8
88,131,13
88,132,5
88,134,3
88,135,4
88,136,15
88,137,16
88,138,2
88,140,15
88,142,6
88,144,5
88,145,7
88,146,6
88,147,19
89,90,6
89,91,17
89,92,4
89,93,20
89,95,18
89,96,8
89,97,9
89,99,14
89,101,1
89,102,13
89,103,18
89,104,15
89,105,17
89,106,17
89,107,2
89,108,6
89,110,4
89,113,18
89,114,12
89,115,2
89,116,4
89,117,12
89,118,10
89,120,7
89,121,14
89,122,15
89,123,2
89,124,3
89,126,19
89,127,20
89,128,18
89,130,11
89,131,18
89,132,19
89,133,1
89,136,7
89,137,15
89,138,16
89,142,17
89,144,1
89,146,15
89,147,19
89,149,9
90,91,10
90,92,18
90,93,9
90,94,19
90,95,20
90,96,13
90,97,3
90,98,13
90,99,1
90,100,9
90,103,20
90,104,20
90,105,6
90,106,10
90,107,1
90,108,7
90,109,10
90,110,15
90,112,11
90,113,5
90,114,8
90,116,7
90,119,5
90,121,11
90,122,15
90,127,9
90,128,1
90,131,7
90,134,12
90,137,2
90,139,1
90,140,7
90,141,20
90,142,17
90,143,7
90,146,12
90,147,2
90,148,16
90,149,1
91,92,19
91,95,11
91,96,11
91,98,8
91,99,18
91,101,19
91,103,10
91,105,5
91,107,19
91,108,5
91,109,13
91,110,9
91,111,1
91,112,4
91,113,1
91,114,15
91,115,17
91,116,14
91,118,2
91,119,7
91,120,5
91,121,6
91,122,13
91,123,18
91,124,12
91,125,6
91,126,3
91,128,9
91,129,12
91,131,11
91,132,8
91,133,11
91,136,5
91,137,12
91,140,4
91,142,11
91,143,12
91,145,11
92,93,3
92,94,2
92,97,6
92,98,16
92,99,14
92,100,4
92,101,6
92,102,7
92,103,2
92,104,16
92,108,14
92,109,3
92,111,9
92,112,20
92,113,3
92,115,11
92,117,14
92,118,12
92,119,6
92,121,12
92,122,3
92,125,18
92,126,10
92,127,1
92,128,7
92,129,4
92,130,7
92,132,13
92,133,14
92,134,14
92,136,11
92,137,16
92,138,2
92,139,12
92,140,10
92,141,4
92,144,7
92,145,5
92,146,2
92,147,7
92,149,6
93,95,3
93,96,17
93,97,7
93,98,16
93,101,13
93,102,7
93,106,6
93,111,19
93,112,19
93,113,12
93,114,6
93,118,3
93,120,12
93,121,16
93,122,12
93,123,8
93,124,20
93,125,15
93,126,2
93,127,1
93,128,4
93,129,19
93,130,20
93,131,19
93,132,10
93,133,12
93,134,8
93,135,19
93,137,17
93,138,13
93,139,2
93,141,10
93,142,5
93,143,15
93,144,2
93,145,1
93,146,2
93,147,10
94,97,2
94,98,10
94,99,15
94,103,11
94,105,3
94,108,13
94,109,16
94,110,20
94,111,9
94,112,9
94,114,20
94,115,10
94,116,13
94,117,9
94,118,9
94,119,13
94,120,3
94,121,3
94,122,1
94,125,18
94,126,11
94,127,13
94,128,8
94,129,16
94,130,15
94,131,14
94,132,2
94,133,13
94,134,2
94,137,15
94,139,6
94,141,2
94,143,8
94,148,13
94,149,7
95,97,11
95,99,20
95,101,7
95,102,14
95,103,2
95,104,2
95,105,12
95,108,19
95,109,20
95,110,15
95,111,6
95,112,12
95,113,5
95,114,6
95,117,4
95,118,15
95,119,9
95,120,13
95,121,16
95,124,4
95,125,1
95,126,19
95,127,17
95,128,5
95,131,12
95,132,18
95,133,4
95,135,7
95,136,6
95,137,15
95,138,9
95,140,20
95,141,8
95,144,10
95,145,19
95,146,10
95,147,5
95,149,17
96,98,14
96,99,1
96,100,16
96,101,9
96,103,12
96,105,4
96,106,4
96,109,16
96,110,9
96,111,2
96,112,12
96,113,13
96,114,14
96,115,19
96,116,5
96,117,3
96,118,13
96,119,16
96,121,16
96,122,15
96,124,9
96,126,5
96,127,15
96,128,9
96,129,3
96,131,9
96,133,7
96,135,18
96,136,8
96,137,10
96,138,19
96,139,13
96,140,12
96,141,10
96,142,16
96,143,2
96,146,14
96,148,1
96,149,13
97,98,13
97,99,7
97,100,10
97,101,18
97,102,20
97,103,19
97,104,2
97,105,15
97,106,13
97,107,10
97,108,16
97,109,5
97,111,18
97,112,13
97,113,9
97,115,1
97,117,15
97,118,3
97,120,17
97,121,3
97,122,10
97,123,2
97,125,15
97,127,18
97,128,17
97,129,16
97,130,10
97,131,9
97,132,7
97,133,7
97,135,1
97,136,19
97,137,3
97,138,18
97,139,6
97,142,19
97,143,17
97,145,17
97,146,5
97,148,3
97,149,7
98,99,15
98,100,7
98,101,14
98,102,3
98,103,5
98,104,2
98,106,19
98,107,20
98,108,9
98,109,6
98,110,16
98,111,16
98,112,19
98,113,8
98,114,15
98,115,10
98,116,6
98,120,13
98,122,12
98,123,17
98,124,10
98,125,4
98,126,12
98,127,5
98,128,7
98,129,14
98,130,20
98,131,16
98,132,15
98,135,12
98,136,17
98,138,15
98,141,18
98,142,15
98,143,12
98,144,12
98,145,2
98,146,11
98,147,14
98,148,9
98,149,5
99,103,16
99,104,3
99,105,7
99,106,13
99,107,5
99,108,8
99,109,6
99,110,17
99,111,14
99,112,10
99,113,5
99,115,10
99,116,5
99,118,10
99,119,1
99,120,3
99,121,7
99,122,9
99,123,3
99,124,16
99,126,2
99,128,3
99,130,9
99,131,4
99,132,20
99,134,3
99,135,3
99,136,14
99,139,12
99,142,9
99,143,14
99,144,2
99,145,8
100,101,6
100,102,10
100,103,8
100,105,16
100,106,18
100,107,14
100,109,13
100,110,14
100,111,19
100,113,1
100,114,9
100,115,19
100,116,20
100,117,10
100,118,14
100,119,10
100,120,1
100,121,17
100,122,15
100,125,8
100,126,16
100,127,15
100,129,20
100,131,15
100,132,12
100,133,4
100,134,16
100,135,16
100,137,7
100,138,17
100,139,14
100,140,17
100,141,18
100,142,5
100,143,8
100,144,6
100,145,20
100,146,14
100,148,8
101,102,4
101,103,7
101,104,3
101,105,1
101,106,8
101,108,5
101,109,18
101,110,5
101,111,16
101,112,14
101,113,17
101,114,5
101,115,3
101,116,12
101,118,8
101,119,4
101,120,2
101,121,11
101,123,6
101,124,4
101,127,3
101,128,3
101,129,8
101,132,7
101,133,18
101,135,14
101,136,17
101,137,8
101,138,1
101,139,9
101,143,20
101,144,1
101,149,18
102,103,11
102,104,6
102,105,17
102,107,2
102,108,5
102,109,13
102,110,16
102,112,9
102,114,1
102,115,8
102,116,10
102,117,7
102,118,19
102,119,8
102,120,1
102,121,7
102,123,17
102,126,13
102,127,4
102,131,4
102,132,19
102,135,17
102,137,6
102,138,20
102,140,15
102,141,2
102,142,11
102,144,1
102,145,17
102,146,6
102,147,14
102,148,16
102,149,5
103,105,19
103,106,14
103,107,4
103,108,1
103,110,1
103,114,1
103,116,1
103,118,6
103,119,8
103,120,17
103,121,3
103,122,11
103,123,12
103,124,14
103,125,7
103,127,3
103,128,16
103,132,7
103,133,15
103,136,10
103,137,4
103,138,19
103,139,7
103,140,11
103,141,14
103,143,5
103,144,11
103,145,20
103,146,9
103,147,3
103,149,12
104,106,1
104,108,8
104,109,18
104,110,9
104,111,1
104,112,20
104,113,11
104,114,4
104,115,9
104,116,20
104,117,1
104,118,3
104,119,5
104,120,19
104,122,6
104,123,6
104,124,12
104,125,1
104,126,16
104,127,16
104,128,18
104,129,10
104,131,11
104,132,13
104,133,19
104,134,13
104,135,9
104,136,16
104,137,12
104,139,9
104,140,14
104,142,7
104,143,15
104,145,19
104,146,13
104,147,7
104,148,7
104,149,16
105,107,9
105,108,4
105,112,17
105,113,15
105,114,3
105,116,5
105,117,17
105,119,12
105,121,14
105,122,1
105,123,7
105,125,14
105,126,12
105,129,12
105,131,11
105,135,3
105,136,1
105,137,8
105,138,16
105,139,18
105,141,19
105,142,1
105,145,15
105,146,12
105,147,10
105,148,8
105,149,19
106,107,14
106,110,20
106,111,6
106,113,3
106,115,7
106,116,20
106,118,19
106,119,15
106,120,13
106,121,10
106,123,7
106,124,8
106,125,15
106,128,20
106,129,1
106,131,8
106,133,3
106,134,1
106,135,18
106,136,18
106,137,10
106,138,10
106,140,15
106,142,11
106,143,11
106,144,20
106,145,8
106,146,4
106,147,12
106,148,9
106,149,5
107,112,4
107,114,15
107,115,17
107,116,16
107,117,18
107,119,3
107,122,10
107,123,3
107,124,8
107,127,10
107,128,12
107,129,9
107,131,4
107,132,18
107,133,4
107,134,14
107,136,3
107,137,14
107,138,18
107,139,10
107,140,8
107,143,17
107,144,7
107,145,10
107,146,15
107,148,5
107,149,16
108,109,19
108,110,16
108,111,5
108,112,1
108,113,17
108,115,17
108,116,11
108,117,17
108,118,13
108,120,15
108,122,18
108,123,17
108,124,2
108,125,7
108,126,15
108,127,13
108,129,5
108,132,18
108,133,13
108,134,14
108,135,4
108,137,18
108,139,14
108,141,14
108,142,15
108,143,2
108,145,5
108,146,5
108,148,2
108,149,9
109,110,13
109,111,5
109,112,10
109,113,20
109,114,8
109,115,11
109,118,3
109,119,6
109,120,8
109,122,13
109,124,13
109,125,8
109,127,13
109,128,9
109,129,10
109,131,15
109,132,17
109,133,18
109,134,5
109,135,5
109,136,14
109,137,8
109,138,3
109,139,7
109,140,1
109,141,19
109,142,15
109,143,13
109,144,19
109,145,9
109,146,20
109,147,6
109,149,10
110,113,10
110,114,20
110,115,9
110,117,10
110,120,12
110,121,11
110,122,7
110,123,8
110,124,19
110,125,18
110,126,16
110,127,12
110,128,17
110,129,4
110,130,4
110,132,17
110,133,3
110,135,17
110,137,14
110,138,16
110,141,16
110,142,19
110,143,14
110,144,18
110,145,1
110,146,10
110,147,7
110,148,20
111,112,13
111,113,3
111,114,12
111,116,7
111,119,5
111,122,15
111,123,5
111,124,15
111,126,8
111,127,10
111,128,6
111,129,1
111,131,1
111,132,18
111,136,6
111,138,11
111,139,17
111,141,4
111,142,17
111,143,16
111,145,17
111,146,7
111,147,1
111,148,14
111,149,10
112,115,4
112,116,2
112,117,14
112,118,19
112,119,15
112,120,7
112,122,9
112,123,14
112,125,1
112,126,15
112,128,12
112,129,18
112,130,18
112,131,6
112,132,15
112,133,11
112,135,7
112,136,19
112,137,15
112,138,10
112,139,14
112,141,10
112,142,14
112,143,15
112,144,18
112,145,12
112,147,1
112,148,15
112,149,14
113,114,18
113,115,6
113,117,2
113,118,15
113,120,5
113,123,17
113,126,7
113,128,8
113,131,5
113,132,6
113,133,18
113,136,2
113,137,9
113,138,17
113,140,19
113,141,12
113,142,11
113,144,13
113,145,9
113,146,2
113,147,17
113,149,6
114,115,12
114,116,10
114,117,17
114,118,2
114,120,5
114,122,15
114,123,3
114,124,3
114,128,1
114,129,7
114,130,5
114,131,4
114,133,3
114,134,7
114,135,6
114,136,7
114,137,19
114,138,9
114,141,20
114,142,19
114,143,20
114,144,7
114,146,8
114,147,6
114,149,10
115,116,9
115,117,12
115,118,13
115,119,14
115,121,19
115,123,4
115,125,4
115,126,8
115,130,7
115,131,3
115,132,15
115,134,12
115,136,11
115,137,16
115,138,17
115,139,4
115,140,14
115,141,15
115,142,3
115,143,5
115,144,17
115,145,9
115,146,18
115,147,18
115,148,15
115,149,3
116,117,2
116,118,8
116,119,15
116,121,18
116,122,3
116,123,16
116,124,7
116,125,12
116,127,12
116,128,5
116,130,5
116,131,6
116,133,20
116,135,16
116,136,10
116,139,13
116,142,13
116,145,11
116,146,2
117,118,2
117,119,8
117,121,13
117,122,18
117,123,14
117,124,13
117,125,20
117,130,3
117,131,2
117,133,1
117,134,2
117,135,9
117,138,17
117,140,11
117,141,11
117,142,9
117,143,19
117,145,8
117,146,2
117,149,9
118,119,16
118,120,3
118,121,5
118,122,1
118,123,10
118,125,19
118,126,10
118,128,2
118,129,4
118,130,12
118,131,14
118,132,1
118,134,7
118,135,5
118,137,4
118,138,16
118,139,5
118,141,6
118,142,13
118,144,20
118,145,14
118,146,4
118,148,1
118,149,12
119,121,18
119,122,4
119,123,15
119,124,4
119,125,8
119,126,9
119,127,10
119,130,1
119,132,8
119,133,18
119,135,15
119,136,18
119,137,1
119,138,16
119,140,18
119,141,12
119,142,19
119,143,16
119,144,8
119,145,10
119,147,1
119,148,13
119,149,16
120,121,13
120,122,5
120,123,4
120,124,16
120,125,1
120,126,2
120,127,12
120,132,2
120,133,5
120,135,8
120,137,11
120,138,7
120,139,13
120,140,15
120,142,20
120,143,11
120,144,4
120,146,15
120,147,19
120,148,19
120,149,11
121,122,19
121,123,8
121,124,6
121,125,15
121,126,14
121,129,13
121,130,1
121,131,6
121,133,10
121,134,19
121,136,17
121,137,4
121,138,17
121,139,15
121,142,14
121,143,5
121,144,15
121,146,9
121,147,7
121,149,17
122,123,14
122,125,3
122,126,18
122,127,9
122,128,3
122,129,9
122,131,10
122,132,13
122,133,12
122,135,4
122,138,11
122,139,2
122,140,18
122,142,19
122,143,9
122,144,5
122,145,13
122,146,5
122,149,16
123,126,5
123,127,10
123,128,5
123,130,10
123,131,6
123,132,12
123,133,12
123,135,16
123,137,8
123,138,10
123,139,1
123,140,12
123,141,20
123,142,16
123,143,15
123,144,14
123,145,9
123,147,10
123,148,8
123,149,4
124,125,4
124,126,1
124,127,13
124,128,15
124,129,17
124,132,3
124,133,12
124,135,11
124,137,18
124,138,12
124,139,19
124,141,19
124,142,3
124,143,8
124,145,12
124,146,13
124,147,9
124,148,13
124,149,16
125,126,12
125,128,18
125,129,1
125,130,4
125,131,2
125,132,9
125,135,6
125,138,19
125,140,13
125,141,15
125,143,13
125,146,11
125,147,5
125,148,9
126,127,10
126,128,3
126,129,1
126,131,2
126,132,1
126,133,12
126,135,10
126,136,20
126,137,17
126,138,12
126,139,5
126,140,4
126,143,13
126,146,9
126,148,15
126,149,2
127,128,14
127,131,11
127,133,6
127,135,20
127,136,14
127,138,4
127,139,18
127,140,17
127,141,8
127,143,11
127,144,16
127,145,3
127,146,13
127,147,19
127,148,4
127,149,2
128,129,12
128,130,20
128,134,16
128,135,18
128,138,12
128,139,12
128,140,11
128,142,3
128,143,10
128,144,8
128,145,14
128,146,17
128,147,6
128,148,9
129,130,9
129,132,19
129,134,4
129,135,13
129,136,4
129,137,16
129,139,20
129,140,7
129,141,12
129,144,4
129,148,2
129,149,17
130,131,11
130,132,2
130,133,4
130,134,13
130,136,17
130,139,20
130,140,8
130,141,2
130,142,1
130,143,8
130,144,2
130,146,2
130,148,20
131,133,3
131,134,13
131,135,5
131,137,16
131,138,1
131,139,20
131,140,18
131,143,13
131,145,7
131,146,6
131,147,2
131,148,3
132,133,10
132,134,15
132,135,6
132,136,8
132,137,3
132,141,8
132,142,6
132,143,18
132,144,18
132,147,7
132,149,10
133,134,4
133,135,12
133,136,1
133,137,5
133,138,12
133,143,6
133,145,3
133,146,14
133,148,1
133,149,17
134,136,15
134,137,19
134,138,9
134,139,8
134,140,15
134,141,8
134,142,6
134,144,14
134,145,6
134,146,10
134,148,1
135,136,9
135,137,1
135,140,18
135,141,3
135,143,5
135,145,19
135,146,15
135,148,1
136,137,2
136,139,18
136,140,4
136,141,10
136,142,1
136,143,10
136,144,14
136,145,19
136,147,16
136,149,5
137,138,19
137,139,11
137,140,15
137,141,3
137,143,7
137,146,1
137,147,16
137,149,14
138,139,16
138,140,16
138,141,7
138,142,9
138,143,1
138,146,12
138,147,13
138,148,4
138,149,1
139,140,1
139,141,13
139,142,5
139,143,1
139,145,16
139,146,15
139,148,9
139,149,20
140,141,4
140,142,20
140,143,10
140,144,16
140,145,18
140,146,5
140,147,18
140,148,6
140,149,10
141,142,18
141,144,11
141,145,1
141,147,13
141,148,17
142,143,6
142,144,12
142,146,12
142,148,19
142,149,15
143,144,16
143,145,4
143,146,4
143,147,15
143,149,1
144,145,15
144,146,9
144,147,12
144,148,3
144,149,7
145,146,4
145,147,10
146,147,4
146,149,19
147,148,8
147,149,19
148,149,14
