0,5,7
0,6,12
0,8,14
0,10,3
0,11,10
0,12,4
0,16,17
0,19,1
0,21,4
0,23,11
0,24,13
0,31,11
0,32,4
0,33,8
0,34,12
0,35,6
0,37,7
0,39,11
0,40,7
0,42,18
0,43,9
0,47,20
0,48,14
0,49,13
0,50,14
0,52,15
0,54,16
0,56,4
0,57,6
0,58,11
0,59,15
0,60,15
0,61,7
0,64,15
0,65,7
0,66,6
0,67,3
0,68,4
0,71,3
0,72,2
0,73,18
0,74,8
0,78,3
0,80,8
0,81,9
0,82,2
0,84,17
0,85,4
0,86,7
0,88,5
0,91,13
0,93,1
0,94,16
0,95,1
0,97,4
0,98,5
0,99,20
0,104,16
0,105,20
0,106,16
0,108,17
0,111,12
0,113,4
0,115,17
0,117,15
0,118,9
0,122,6
0,123,5
0,125,10
0,126,16
0,128,10
0,132,3
0,133,7
0,134,18
0,138,18
0,144,19
0,145,6
0,146,2
0,148,9
0,149,18
0,151,7
0,154,3
0,155,18
0,156,8
0,157,15
0,158,2
0,160,12
0,163,17
0,166,19
0,167,1
0,169,1
0,172,18
0,175,19
0,176,20
0,179,12
0,180,8
0,186,5
0,187,12
0,188,9
0,189,15
0,190,6
0,191,15
0,194,17
0,195,15
0,199,3
1,2,17
1,4,9
1,5,9
1,6,14
1,8,15
1,9,16
1,11,5
1,14,3
1,15,11
1,16,3
1,18,15
1,19,3
1,21,5
1,22,6
1,27,2
1,28,10
1,29,19
1,40,2
1,41,13
1,43,19
1,44,20
1,46,14
1,48,14
1,49,1
1,50,6
1,51,8
1,53,18
1,54,7
1,55,2
1,56,13
1,57,6
1,58,10
1,59,8
1,60,15
1,61,3
1,62,12
1,64,12
1,66,8
1,69,12
1,71,13
1,72,8
1,73,1
1,74,17
1,75,9
1,78,8
1,79,7
1,81,20
1,82,8
1,83,1
1,85,16
1,87,2
1,88,12
1,89,15
1,90,16
1,91,8
1,92,5
1,95,3
1,97,13
1,98,5
1,99,6
1,100,17
1,102,1
1,104,5
1,105,10
1,106,12
1,107,14
1,108,16
1,110,1
1,111,18
1,112,12
1,114,14
1,115,11
1,117,19
1,119,15
1,122,2
1,123,13
1,126,2
1,127,5
1,129,10
1,132,17
1,133,16
1,134,20
1,136,3
1,137,10
1,139,1
1,140,2
1,142,1
1,143,2
1,144,2
1,147,19
1,149,9
1,150,17
1,152,6
1,153,4
1,156,11
1,158,11
1,159,17
1,160,8
1,161,1
1,162,5
1,163,15
1,164,13
1,166,1
1,167,6
1,169,15
1,173,12
1,175,8
1,176,9
1,177,13
1,178,11
1,180,3
1,181,7
1,182,5
1,184,11
1,186,18
1,188,7
1,190,13
1,193,5
1,195,16
1,196,1
1,198,20
2,3,13
2,5,2
2,7,19
2,8,16
2,9,12
2,10,18
2,11,16
2,14,15
2,17,8
2,19,7
2,21,10
2,22,18
2,25,11
2,28,11
2,29,14
2,30,19
2,31,10
2,32,12
2,34,8
2,35,4
2,36,9
2,37,1
2,39,9
2,40,11
2,41,15
2,42,9
2,43,12
2,45,14
2,46,4
2,47,4
2,48,8
2,51,15
2,52,14
2,56,7
2,57,15
2,59,2
2,60,5
2,62,14
2,64,10
2,66,2
2,67,19
2,68,4
2,69,13
2,71,14
2,72,12
2,73,3
2,74,17
2,75,7
2,77,13
2,79,19
2,81,2
2,82,15
2,83,1
2,84,9
2,85,10
2,91,1
2,92,2
2,93,20
2,95,11
2,97,13
2,98,2
2,103,15
2,104,10
2,107,10
2,108,7
2,109,18
2,112,10
2,113,18
2,117,18
2,118,9
2,120,4
2,121,14
2,123,6
2,125,19
2,127,3
2,129,13
2,131,9
2,132,7
2,134,2
2,135,7
2,136,17
2,137,2
2,139,19
2,140,5
2,143,20
2,147,5
2,149,19
2,150,17
2,151,19
2,152,9
2,153,19
2,156,13
2,159,9
2,160,17
2,162,4
2,166,15
2,167,7
2,173,13
2,175,12
2,176,10
2,177,14
2,178,16
2,180,13
2,182,3
2,183,12
2,185,15
2,186,16
2,187,6
2,189,5
2,190,14
2,192,10
2,193,12
2,195,16
2,197,14
2,198,6
2,199,13
3,4,8
3,8,10
3,10,20
3,11,9
3,12,12
3,13,5
3,14,4
3,18,4
3,19,10
3,20,17
3,21,7
3,27,19
3,28,6
3,30,4
3,32,17
3,33,13
3,34,16
3,35,14
3,36,15
3,37,7
3,39,4
3,41,12
3,42,16
3,43,4
3,44,18
3,45,15
3,49,2
3,50,3
3,51,6
3,55,19
3,57,9
3,58,15
3,67,20
3,69,2
3,70,2
3,71,14
3,73,5
3,75,13
3,76,20
3,77,3
3,78,9
3,79,10
3,80,19
3,81,13
3,82,11
3,83,13
3,84,15
3,85,18
3,86,2
3,87,3
3,88,8
3,89,10
3,90,9
3,92,17
3,96,6
3,99,15
3,101,18
3,102,16
3,103,7
3,107,16
3,109,15
3,110,12
3,111,8
3,112,9
3,114,11
3,116,13
3,118,5
3,121,20
3,122,5
3,123,14
3,124,1
3,125,20
3,127,1
3,128,16
3,129,4
3,130,8
3,133,16
3,135,3
3,137,4
3,138,8
3,145,15
3,146,11
3,147,15
3,148,14
3,149,20
3,151,17
3,155,5
3,157,7
3,159,19
3,160,1
3,161,10
3,162,12
3,165,9
3,166,18
3,167,7
3,168,16
3,171,7
3,172,15
3,175,6
3,176,9
3,177,12
3,178,2
3,180,15
3,184,18
3,186,14
3,188,9
3,189,12
3,190,11
3,192,15
3,193,13
3,194,18
3,197,12
3,198,12
4,5,6
4,6,11
4,7,7
4,9,8
4,10,8
4,12,17
4,15,6
4,16,20
4,18,15
4,19,14
4,21,2
4,22,2
4,23,14
4,24,1
4,25,15
4,31,19
4,33,2
4,34,12
4,35,7
4,37,16
4,40,10
4,41,6
4,42,13
4,44,17
4,47,3
4,48,18
4,49,8
4,50,12
4,51,4
4,54,3
4,55,9
4,56,15
4,57,2
4,58,16
4,60,15
4,61,6
4,62,8
4,64,19
4,66,13
4,67,15
4,71,7
4,72,2
4,73,2
4,74,14
4,76,17
4,77,19
4,78,7
4,80,15
4,82,18
4,83,9
4,84,9
4,86,1
4,87,12
4,91,13
4,95,11
4,96,15
4,104,13
4,105,1
4,106,7
4,107,11
4,108,19
4,110,15
4,111,9
4,112,12
4,113,8
4,115,19
4,116,11
4,121,2
4,122,10
4,124,19
4,126,20
4,127,8
4,128,1
4,130,19
4,132,13
4,134,10
4,135,2
4,136,3
4,138,4
4,139,18
4,141,20
4,142,14
4,143,20
4,144,15
4,145,7
4,146,8
4,148,12
4,149,6
4,150,19
4,151,14
4,152,18
4,153,8
4,155,1
4,157,12
4,158,20
4,159,9
4,160,3
4,161,14
4,162,2
4,164,16
4,165,13
4,168,16
4,171,8
4,172,6
4,173,1
4,174,13
4,175,10
4,177,12
4,179,4
4,181,13
4,183,20
4,184,8
4,186,6
4,187,16
4,191,2
4,193,7
4,197,15
4,198,17
4,199,10
5,6,2
5,7,6
5,9,17
5,10,1
5,11,7
5,13,13
5,16,16
5,19,14
5,20,16
5,21,18
5,24,6
5,27,20
5,29,11
5,30,20
5,31,11
5,32,13
5,33,10
5,35,1
5,36,16
5,38,14
5,39,1
5,40,14
5,41,8
5,42,9
5,45,8
5,49,8
5,50,18
5,51,16
5,53,1
5,55,18
5,56,14
5,59,1
5,60,15
5,61,16
5,62,19
5,63,15
5,64,1
5,65,5
5,66,2
5,68,10
5,70,3
5,72,11
5,73,7
5,74,3
5,75,17
5,76,8
5,77,11
5,78,1
5,80,10
5,82,10
5,83,17
5,84,1
5,86,15
5,88,3
5,89,11
5,90,9
5,91,3
5,95,7
5,96,8
5,97,1
5,98,11
5,100,5
5,102,2
5,103,14
5,104,12
5,105,12
5,106,1
5,107,7
5,109,6
5,110,4
5,113,6
5,114,19
5,115,6
5,117,12
5,118,13
5,119,16
5,120,18
5,123,11
5,124,1
5,125,5
5,126,11
5,127,20
5,128,4
5,130,11
5,132,3
5,133,4
5,134,17
5,135,8
5,136,3
5,137,12
5,138,12
5,141,17
5,143,16
5,144,2
5,145,15
5,147,16
5,148,3
5,149,14
5,151,6
5,152,20
5,154,14
5,156,7
5,157,15
5,158,14
5,159,5
5,160,1
5,161,16
5,163,14
5,165,9
5,166,11
5,168,10
5,171,17
5,172,7
5,174,8
5,175,15
5,176,4
5,177,11
5,179,6
5,180,9
5,181,12
5,182,12
5,183,13
5,185,12
5,187,13
5,188,10
5,189,5
5,191,16
5,192,11
5,194,15
5,195,10
5,197,1
5,199,3
6,8,16
6,9,2
6,10,20
6,11,18
6,12,12
6,13,5
6,15,11
6,16,5
6,18,18
6,19,2
6,20,1
6,22,1
6,24,11
6,25,16
6,26,8
6,27,9
6,28,10
6,29,3
6,32,5
6,33,7
6,34,2
6,35,17
6,37,10
6,38,6
6,40,12
6,41,18
6,43,12
6,45,4
6,47,1
6,48,8
6,49,4
6,55,2
6,56,16
6,57,16
6,59,19
6,61,15
6,64,10
6,65,5
6,67,8
6,68,8
6,69,10
6,71,12
6,73,10
6,74,17
6,77,8
6,78,14
6,79,2
6,80,3
6,84,20
6,85,9
6,86,15
6,87,5
6,91,18
6,92,12
6,95,11
6,97,19
6,98,8
6,99,11
6,101,2
6,103,10
6,105,11
6,109,15
6,110,20
6,112,15
6,113,1
6,117,17
6,118,16
6,119,20
6,120,5
6,121,14
6,122,20
6,123,13
6,125,20
6,127,12
6,128,4
6,129,12
6,130,11
6,131,18
6,132,6
6,135,4
6,136,6
6,138,1
6,141,13
6,143,2
6,144,4
6,148,1
6,151,10
6,152,16
6,153,14
6,154,19
6,156,18
6,157,8
6,158,5
6,159,9
6,160,7
6,161,16
6,163,11
6,164,10
6,165,13
6,167,12
6,168,8
6,169,4
6,170,4
6,173,7
6,174,19
6,175,3
6,176,14
6,177,9
6,178,7
6,180,10
6,181,17
6,183,10
6,184,16
6,187,3
6,190,20
6,191,15
6,194,3
6,195,1
6,197,3
6,198,20
6,199,2
7,8,11
7,9,6
7,12,16
7,13,15
7,14,3
7,15,10
7,16,19
7,19,6
7,21,2
7,22,16
7,23,10
7,25,6
7,27,6
7,30,10
7,31,13
7,33,17
7,40,17
7,45,11
7,48,17
7,49,5
7,50,13
7,52,4
7,54,9
7,55,14
7,56,11
7,57,15
7,58,7
7,59,8
7,60,8
7,62,19
7,63,10
7,64,12
7,65,13
7,69,10
7,70,13
7,72,10
7,73,7
7,75,14
7,76,16
7,77,19
7,78,11
7,80,6
7,81,2
7,83,19
7,84,9
7,85,7
7,86,16
7,87,17
7,89,19
7,91,15
7,93,20
7,94,1
7,95,18
7,96,8
7,97,5
7,99,16
7,101,20
7,106,8
7,107,20
7,108,9
7,109,18
7,110,1
7,112,5
7,114,12
7,115,2
7,116,19
7,118,10
7,119,6
7,120,13
7,121,10
7,122,15
7,125,7
7,127,18
7,131,3
7,132,19
7,134,15
7,137,11
7,139,20
7,140,16
7,143,18
7,145,15
7,146,6
7,148,13
7,149,13
7,150,14
7,151,16
7,152,7
7,154,13
7,157,6
7,160,13
7,162,2
7,163,18
7,164,6
7,165,12
7,166,2
7,169,9
7,170,17
7,172,17
7,173,17
7,175,1
7,176,11
7,177,13
7,178,19
7,180,20
7,183,1
7,184,2
7,185,19
7,187,17
7,190,9
7,191,17
7,192,10
7,195,2
7,196,7
7,197,17
7,198,1
7,199,5
8,10,20
8,12,16
8,14,2
8,16,15
8,18,14
8,19,17
8,21,10
8,22,16
8,24,11
8,25,12
8,26,9
8,28,19
8,29,11
8,31,9
8,32,12
8,36,11
8,38,14
8,40,20
8,41,8
8,44,1
8,45,14
8,48,17
8,49,7
8,50,2
8,51,18
8,53,10
8,55,17
8,56,12
8,57,19
8,58,16
8,59,16
8,60,10
8,61,8
8,62,20
8,63,18
8,66,5
8,69,18
8,70,5
8,72,5
8,73,18
8,74,3
8,76,16
8,81,17
8,82,19
8,83,12
8,84,16
8,86,2
8,87,10
8,88,8
8,89,7
8,90,14
8,92,15
8,93,14
8,94,7
8,95,10
8,96,9
8,98,10
8,99,18
8,100,10
8,101,13
8,102,5
8,104,20
8,105,14
8,107,3
8,110,16
8,112,6
8,113,10
8,115,17
8,116,4
8,118,13
8,123,18
8,128,4
8,129,3
8,130,19
8,131,5
8,133,3
8,135,14
8,136,2
8,137,11
8,139,11
8,140,3
8,141,5
8,142,9
8,144,15
8,145,20
8,146,8
8,147,4
8,148,5
8,149,12
8,150,3
8,151,11
8,152,6
8,153,9
8,154,10
8,155,16
8,156,2
8,157,13
8,158,18
8,159,17
8,160,16
8,161,1
8,162,3
8,163,3
8,164,6
8,167,4
8,168,10
8,169,14
8,172,12
8,175,1
8,181,9
8,182,16
8,183,1
8,184,14
8,187,11
8,188,5
8,189,10
8,190,9
8,191,6
8,193,15
8,194,17
8,195,13
8,196,16
8,197,7
8,198,7
8,199,8
9,12,20
9,14,5
9,15,2
9,18,7
9,19,17
9,20,16
9,22,7
9,23,9
9,24,20
9,25,12
9,27,15
9,28,20
9,29,5
9,30,9
9,32,4
9,34,13
9,35,6
9,38,3
9,39,11
9,41,11
9,45,14
9,46,13
9,49,6
9,55,6
9,56,8
9,57,17
9,58,13
9,59,17
9,60,10
9,63,6
9,64,7
9,66,6
9,67,17
9,68,13
9,70,14
9,71,6
9,72,12
9,73,8
9,74,1
9,75,6
9,76,12
9,77,6
9,79,17
9,80,14
9,84,12
9,86,7
9,87,8
9,90,8
9,91,6
9,94,13
9,95,16
9,96,6
9,97,17
9,98,18
9,101,14
9,102,3
9,103,15
9,114,5
9,115,12
9,117,15
9,120,6
9,123,6
9,125,5
9,126,20
9,127,11
9,128,1
9,129,5
9,131,9
9,133,8
9,134,10
9,135,19
9,137,17
9,138,6
9,139,9
9,142,6
9,143,5
9,144,10
9,146,12
9,148,4
9,149,17
9,150,6
9,152,20
9,153,15
9,154,18
9,157,19
9,160,1
9,161,8
9,163,7
9,164,3
9,165,5
9,166,13
9,167,8
9,170,16
9,171,4
9,172,5
9,175,15
9,176,16
9,177,16
9,178,16
9,179,5
9,181,18
9,184,10
9,185,5
9,188,12
9,192,1
9,194,5
9,195,17
9,196,14
9,198,6
9,199,7
10,11,18
10,12,3
10,13,14
10,15,13
10,18,5
10,19,5
10,20,7
10,21,20
10,22,18
10,27,7
10,28,6
10,29,12
10,31,9
10,32,15
10,33,13
10,34,18
10,35,8
10,36,18
10,37,5
10,38,12
10,39,16
10,41,19
10,42,18
10,43,11
10,44,17
10,46,9
10,54,12
10,58,5
10,59,2
10,61,15
10,62,17
10,64,14
10,66,2
10,67,20
10,69,19
10,72,6
10,73,11
10,75,18
10,76,4
10,77,10
10,78,11
10,79,2
10,81,14
10,82,3
10,83,5
10,84,18
10,85,5
10,86,4
10,87,16
10,90,11
10,93,3
10,94,15
10,95,6
10,96,19
10,97,20
10,100,18
10,101,1
10,106,6
10,109,18
10,110,3
10,111,20
10,113,9
10,114,12
10,117,16
10,119,15
10,120,5
10,121,13
10,122,17
10,124,16
10,126,2
10,129,7
10,130,18
10,132,12
10,133,11
10,137,2
10,138,14
10,139,2
10,140,9
10,143,1
10,147,17
10,149,18
10,151,19
10,153,18
10,155,15
10,156,20
10,157,13
10,159,17
10,162,12
10,163,18
10,164,8
10,165,5
10,170,7
10,171,14
10,175,1
10,179,5
10,181,1
10,183,17
10,184,3
10,186,7
10,187,17
10,189,5
10,190,13
10,191,4
10,193,11
10,194,11
10,195,2
10,196,15
11,13,17
11,14,14
11,15,14
11,16,9
11,18,15
11,19,8
11,20,1
11,22,15
11,23,20
11,24,8
11,25,2
11,27,17
11,29,17
11,30,8
11,35,20
11,37,12
11,38,18
11,40,2
11,43,5
11,44,3
11,45,8
11,46,1
11,47,6
11,48,18
11,49,16
11,51,7
11,52,4
11,53,3
11,55,1
11,57,9
11,59,5
11,62,8
11,64,10
11,65,14
11,68,18
11,69,16
11,71,3
11,74,3
11,77,16
11,78,14
11,80,1
11,81,1
11,84,2
11,88,17
11,90,13
11,94,12
11,95,1
11,96,11
11,99,2
11,101,7
11,102,11
11,103,18
11,104,3
11,105,17
11,106,16
11,107,17
11,109,14
11,110,7
11,113,4
11,120,4
11,121,7
11,124,4
11,125,2
11,127,9
11,128,1
11,133,16
11,134,11
11,135,18
11,136,19
11,137,9
11,139,3
11,140,5
11,141,7
11,145,14
11,146,8
11,147,15
11,151,7
11,152,17
11,153,12
11,154,16
11,161,16
11,162,13
11,163,14
11,165,12
11,166,11
11,167,12
11,172,10
11,173,18
11,175,20
11,179,18
11,183,19
11,184,15
11,185,20
11,188,8
11,189,6
11,191,19
11,192,11
11,193,4
11,195,6
11,196,17
11,197,7
11,198,2
12,13,14
12,15,16
12,17,14
12,20,1
12,21,11
12,22,9
12,23,3
12,24,1
12,25,8
12,27,7
12,28,20
12,29,13
12,31,6
12,32,5
12,33,20
12,34,14
12,35,16
12,37,2
12,41,20
12,43,17
12,45,15
12,47,13
12,48,7
12,49,4
12,51,9
12,52,18
12,55,2
12,56,12
12,58,2
12,61,16
12,62,19
12,64,12
12,65,6
12,66,4
12,69,16
12,70,13
12,71,13
12,72,17
12,75,7
12,76,2
12,77,4
12,78,11
12,79,2
12,81,12
12,82,19
12,83,15
12,85,4
12,87,20
12,92,1
12,97,4
12,98,20
12,99,20
12,101,11
12,102,19
12,103,14
12,104,14
12,106,20
12,107,13
12,110,1
12,111,20
12,113,2
12,117,16
12,120,19
12,122,14
12,123,4
12,125,20
12,126,9
12,128,16
12,129,3
12,130,18
12,131,16
12,132,3
12,134,3
12,138,1
12,139,4
12,140,15
12,142,6
12,143,7
12,144,15
12,145,5
12,146,8
12,147,11
12,148,20
12,149,1
12,150,14
12,151,19
12,153,1
12,154,6
12,155,10
12,157,15
12,159,17
12,160,6
12,162,8
12,163,17
12,165,10
12,167,19
12,168,8
12,175,7
12,176,18
12,177,12
12,178,19
12,180,19
12,181,13
12,184,19
12,185,2
12,186,17
12,187,14
12,190,3
12,191,18
12,195,8
12,196,4
12,198,19
13,14,1
13,15,14
13,16,4
13,17,11
13,18,17
13,19,5
13,21,5
13,24,10
13,25,20
13,26,11
13,28,6
13,30,14
13,31,7
13,32,14
13,33,9
13,34,4
13,40,16
13,41,15
13,44,5
13,47,7
13,50,6
13,52,20
13,55,11
13,58,19
13,63,9
13,64,12
13,65,6
13,66,17
13,67,20
13,68,6
13,69,8
13,70,11
13,71,16
13,72,4
13,73,18
13,75,8
13,77,17
13,78,5
13,79,16
13,82,12
13,83,20
13,84,6
13,86,12
13,87,8
13,88,10
13,89,2
13,90,12
13,91,14
13,93,20
13,94,3
13,100,7
13,102,10
13,104,16
13,107,15
13,108,3
13,113,1
13,114,18
13,116,2
13,118,18
13,119,4
13,120,3
13,121,20
13,122,20
13,123,14
13,124,19
13,125,5
13,127,14
13,129,11
13,131,20
13,132,11
13,133,9
13,134,2
13,135,14
13,137,18
13,138,10
13,139,17
13,140,5
13,141,15
13,142,13
13,143,9
13,147,9
13,149,20
13,150,4
13,151,12
13,153,18
13,159,12
13,160,10
13,161,20
13,162,18
13,165,7
13,166,14
13,167,18
13,168,18
13,169,17
13,170,5
13,175,10
13,176,17
13,177,13
13,178,11
13,179,2
13,180,8
13,184,12
13,188,9
13,189,20
13,191,8
13,193,15
13,194,3
13,195,3
13,199,11
14,16,18
14,18,18
14,26,9
14,27,4
14,28,19
14,29,9
14,30,4
14,33,17
14,34,17
14,35,16
14,36,4
14,37,11
14,38,14
14,42,11
14,44,11
14,45,13
14,48,5
14,49,5
14,51,20
14,52,5
14,53,1
14,54,4
14,57,1
14,58,1
14,59,17
14,61,19
14,62,2
14,63,20
14,64,10
14,65,8
14,66,16
14,67,19
14,68,15
14,69,2
14,70,11
14,71,19
14,74,20
14,76,6
14,77,17
14,79,6
14,80,8
14,81,1
14,83,4
14,85,4
14,86,6
14,87,17
14,89,15
14,90,3
14,91,10
14,92,9
14,94,5
14,97,7
14,98,9
14,99,2
14,100,5
14,101,6
14,104,2
14,106,14
14,107,19
14,109,14
14,113,15
14,115,5
14,117,1
14,118,18
14,119,16
14,121,13
14,122,6
14,124,12
14,125,15
14,127,15
14,129,12
14,130,14
14,133,15
14,136,20
14,137,7
14,139,11
14,142,12
14,143,6
14,144,4
14,145,5
14,147,10
14,148,18
14,149,14
14,150,11
14,151,1
14,152,6
14,153,4
14,156,16
14,158,11
14,159,14
14,163,9
14,164,3
14,165,16
14,166,3
14,167,8
14,168,20
14,173,4
14,174,5
14,177,20
14,178,12
14,179,1
14,181,3
14,182,17
14,183,17
14,184,14
14,185,4
14,186,11
14,188,4
14,190,5
14,192,10
14,194,16
14,196,8
14,197,20
14,198,4
14,199,20
15,19,2
15,22,13
15,23,1
15,24,17
15,26,12
15,29,5
15,30,16
15,31,15
15,32,1
15,36,1
15,40,13
15,43,18
15,46,12
15,47,2
15,48,12
15,49,8
15,50,13
15,51,5
15,52,20
15,55,16
15,56,10
15,60,6
15,62,11
15,65,6
15,66,15
15,68,8
15,70,15
15,71,14
15,73,2
15,74,6
15,75,12
15,77,11
15,80,17
15,81,1
15,82,13
15,83,20
15,84,18
15,85,3
15,87,4
15,88,15
15,89,3
15,95,15
15,97,19
15,101,3
15,102,7
15,103,17
15,105,6
15,106,13
15,107,14
15,109,1
15,110,7
15,111,17
15,112,1
15,113,15
15,115,8
15,117,7
15,118,12
15,119,2
15,120,7
15,122,10
15,124,16
15,125,17
15,126,6
15,127,8
15,129,9
15,132,20
15,133,13
15,134,12
15,135,17
15,136,15
15,137,6
15,138,15
15,139,3
15,140,15
15,143,2
15,144,15
15,145,3
15,146,7
15,150,9
15,152,13
15,153,13
15,154,14
15,155,8
15,158,7
15,159,5
15,161,10
15,162,12
15,164,4
15,165,10
15,166,18
15,168,15
15,170,17
15,171,5
15,178,5
15,179,19
15,181,16
15,183,8
15,185,8
15,186,5
15,187,11
15,188,11
15,189,20
15,190,2
15,191,10
15,192,7
15,193,15
15,195,1
15,197,7
15,198,18
16,18,15
16,19,10
16,22,12
16,24,2
16,26,9
16,27,2
16,29,12
16,31,1
16,32,12
16,33,17
16,34,4
16,35,5
16,36,3
16,37,9
16,38,4
16,39,20
16,40,15
16,41,14
16,42,11
16,44,12
16,45,17
16,46,4
16,47,11
16,52,13
16,56,16
16,57,17
16,58,17
16,60,1
16,61,8
16,62,2
16,64,5
16,66,12
16,67,1
16,69,2
16,73,10
16,74,7
16,75,3
16,76,1
16,77,17
16,82,7
16,85,7
16,87,11
16,89,9
16,90,8
16,91,18
16,95,15
16,96,18
16,98,9
16,100,14
16,101,15
16,102,12
16,106,8
16,109,1
16,111,1
16,112,2
16,114,15
16,115,8
16,116,2
16,118,3
16,119,3
16,121,2
16,122,5
16,124,11
16,125,8
16,126,14
16,127,13
16,130,1
16,131,16
16,132,15
16,134,19
16,135,14
16,136,10
16,140,20
16,143,8
16,144,12
16,145,1
16,147,17
16,148,12
16,149,15
16,150,17
16,151,8
16,154,15
16,155,20
16,157,5
16,158,7
16,162,5
16,165,6
16,169,13
16,170,20
16,176,9
16,177,17
16,178,16
16,181,19
16,182,9
16,183,14
16,185,18
16,186,4
16,187,2
16,190,18
16,191,18
16,192,18
16,193,10
16,194,2
16,195,3
16,199,12
17,18,12
17,21,11
17,23,16
17,24,5
17,25,18
17,26,14
17,27,9
17,30,3
17,32,17
17,33,9
17,35,3
17,36,10
17,37,10
17,38,17
17,40,7
17,41,4
17,42,16
17,43,17
17,45,6
17,46,12
17,47,17
17,50,18
17,52,9
17,54,12
17,57,15
17,58,8
17,59,5
17,60,13
17,61,13
17,62,4
17,68,14
17,70,1
17,71,11
17,72,3
17,75,19
17,76,1
17,77,12
17,78,14
17,79,20
17,82,12
17,83,2
17,84,18
17,85,17
17,86,13
17,87,5
17,89,2
17,90,3
17,92,11
17,93,11
17,95,2
17,97,16
17,98,12
17,99,11
17,100,9
17,102,11
17,105,7
17,106,10
17,107,16
17,108,19
17,112,2
17,113,11
17,114,2
17,117,10
17,118,15
17,121,19
17,122,5
17,124,1
17,125,11
17,126,5
17,128,12
17,130,13
17,131,6
17,132,7
17,136,12
17,137,3
17,138,10
17,139,12
17,141,15
17,142,9
17,144,15
17,145,12
17,147,15
17,148,5
17,150,15
17,151,6
17,153,16
17,155,13
17,156,15
17,158,4
17,159,20
17,162,2
17,163,11
17,164,3
17,166,9
17,167,15
17,168,18
17,169,8
17,171,2
17,172,6
17,173,9
17,174,15
17,178,1
17,179,19
17,180,4
17,181,18
17,183,17
17,185,19
17,188,8
17,190,19
17,191,20
17,194,9
17,196,8
18,20,1
18,22,19
18,23,15
18,26,19
18,28,2
18,29,19
18,30,8
18,31,17
18,32,1
18,33,9
18,36,15
18,37,6
18,38,4
18,40,6
18,41,1
18,42,9
18,45,19
18,46,12
18,47,7
18,48,2
18,51,5
18,54,20
18,56,12
18,57,12
18,59,2
18,61,17
18,65,8
18,67,2
18,68,17
18,69,5
18,73,11
18,75,11
18,76,16
18,78,3
18,80,16
18,81,6
18,82,14
18,87,8
18,90,4
18,91,12
18,95,8
18,96,8
18,97,14
18,99,7
18,100,19
18,101,12
18,102,12
18,103,15
18,105,4
18,106,20
18,107,18
18,108,1
18,109,18
18,110,6
18,111,15
18,113,18
18,114,6
18,115,5
18,116,16
18,117,2
18,119,4
18,120,17
18,121,17
18,122,6
18,123,19
18,124,6
18,129,14
18,131,9
18,132,16
18,133,10
18,136,4
18,137,16
18,139,8
18,141,19
18,142,20
18,145,15
18,146,16
18,147,11
18,149,5
18,155,15
18,156,20
18,157,13
18,158,13
18,159,1
18,163,10
18,164,2
18,165,2
18,167,3
18,168,13
18,170,20
18,172,6
18,173,14
18,175,15
18,176,19
18,178,8
18,180,20
18,183,19
18,184,15
18,185,6
18,186,20
18,187,15
18,188,15
18,189,4
18,191,19
18,192,5
18,195,8
18,196,5
18,197,2
18,198,9
19,20,11
19,21,12
19,22,17
19,23,13
19,24,18
19,26,13
19,27,10
19,28,3
19,31,5
19,32,12
19,34,4
19,36,9
19,37,4
19,38,9
19,39,20
19,40,2
19,41,3
19,42,3
19,43,4
19,44,4
19,46,3
19,48,6
19,50,10
19,51,15
19,53,17
19,54,15
19,55,8
19,57,1
19,58,7
19,60,9
19,61,20
19,63,13
19,64,2
19,65,2
19,67,14
19,69,2
19,70,15
19,72,8
19,74,4
19,75,20
19,76,4
19,78,15
19,82,17
19,83,4
19,84,1
19,88,15
19,89,3
19,90,19
19,93,16
19,95,16
19,96,2
19,99,17
19,100,5
19,101,20
19,103,14
19,104,10
19,105,15
19,107,6
19,108,10
19,110,2
19,111,18
19,113,9
19,115,9
19,119,15
19,121,12
19,123,12
19,124,8
19,126,18
19,128,18
19,129,1
19,130,6
19,131,16
19,132,14
19,135,3
19,136,12
19,139,10
19,140,1
19,141,17
19,143,5
19,146,17
19,148,8
19,150,4
19,151,20
19,152,16
19,153,14
19,154,20
19,156,7
19,158,17
19,160,11
19,161,19
19,162,1
19,163,7
19,165,14
19,166,11
19,167,20
19,170,7
19,172,1
19,173,6
19,174,5
19,175,1
19,176,10
19,177,14
19,178,9
19,181,8
19,183,1
19,184,16
19,185,18
19,188,10
19,189,5
19,191,16
19,192,5
19,193,15
19,194,7
19,195,20
20,22,7
20,25,16
20,27,2
20,29,12
20,31,13
20,35,12
20,36,9
20,39,13
20,40,6
20,42,11
20,46,17
20,49,19
20,50,5
20,51,17
20,53,15
20,54,16
20,56,11
20,58,16
20,61,16
20,63,5
20,64,10
20,65,2
20,67,20
20,70,16
20,72,10
20,73,11
20,74,9
20,75,11
20,76,15
20,78,17
20,79,8
20,80,15
20,81,15
20,83,9
20,84,10
20,85,13
20,86,7
20,88,15
20,90,10
20,91,6
20,93,8
20,95,1
20,97,20
20,98,5
20,99,15
20,101,3
20,102,10
20,103,1
20,107,18
20,108,20
20,111,2
20,112,14
20,113,5
20,114,6
20,117,12
20,118,16
20,119,4
20,120,9
20,121,13
20,123,7
20,124,16
20,126,5
20,129,10
20,130,10
20,132,20
20,133,9
20,134,15
20,135,20
20,136,19
20,137,18
20,138,1
20,142,2
20,143,6
20,145,19
20,146,11
20,147,20
20,149,12
20,150,19
20,151,1
20,152,18
20,153,3
20,156,9
20,158,10
20,159,14
20,160,12
20,161,1
20,162,9
20,163,20
20,164,14
20,166,9
20,169,10
20,171,13
20,172,9
20,173,11
20,174,20
20,175,2
20,177,13
20,179,8
20,180,6
20,181,4
20,182,13
20,184,2
20,189,17
20,191,18
20,192,10
20,193,19
20,195,14
20,196,9
20,197,20
20,198,7
20,199,18
21,22,19
21,26,16
21,28,7
21,30,14
21,32,19
21,33,3
21,35,18
21,36,13
21,37,6
21,40,15
21,44,10
21,47,18
21,49,12
21,51,5
21,53,7
21,54,19
21,56,9
21,57,11
21,58,19
21,59,15
21,61,20
21,62,17
21,65,3
21,66,7
21,67,8
21,71,7
21,72,10
21,73,17
21,76,18
21,77,18
21,79,20
21,80,18
21,83,3
21,84,6
21,86,2
21,88,4
21,90,9
21,91,2
21,93,16
21,95,14
21,97,16
21,98,2
21,100,8
21,102,12
21,105,17
21,106,17
21,107,15
21,108,16
21,111,13
21,113,7
21,116,3
21,120,14
21,122,4
21,125,1
21,127,1
21,128,6
21,129,18
21,130,4
21,131,20
21,132,11
21,135,12
21,136,2
21,137,10
21,138,20
21,141,8
21,143,12
21,144,9
21,145,13
21,147,9
21,148,16
21,149,7
21,151,11
21,153,13
21,154,15
21,155,7
21,158,12
21,159,17
21,160,5
21,163,6
21,165,7
21,166,14
21,168,18
21,169,2
21,171,6
21,175,9
21,177,18
21,184,17
21,187,12
21,194,1
21,195,6
21,199,11
22,23,9
22,24,3
22,26,17
22,27,2
22,28,18
22,29,13
22,30,6
22,32,7
22,33,12
22,37,12
22,38,12
22,39,18
22,40,11
22,41,8
22,42,8
22,43,6
22,45,12
22,46,5
22,48,5
22,50,1
22,51,16
22,52,6
22,53,18
22,55,19
22,56,5
22,58,10
22,59,10
22,60,15
22,62,14
22,63,11
22,64,9
22,65,1
22,66,19
22,67,16
22,68,1
22,71,7
22,74,9
22,75,7
22,76,11
22,77,19
22,78,18
22,79,15
22,81,9
22,83,11
22,84,9
22,85,4
22,86,3
22,88,17
22,89,18
22,91,2
22,93,11
22,94,3
22,97,9
22,98,14
22,100,18
22,103,17
22,104,19
22,106,12
22,109,10
22,111,19
22,112,2
22,113,16
22,114,14
22,115,9
22,116,15
22,117,7
22,118,7
22,119,10
22,120,11
22,121,18
22,122,13
22,123,11
22,124,13
22,125,8
22,126,15
22,127,5
22,130,12
22,131,11
22,132,1
22,135,13
22,136,3
22,137,3
22,138,17
22,139,8
22,140,1
22,141,5
22,142,15
22,145,6
22,146,18
22,147,17
22,149,8
22,150,18
22,151,8
22,152,3
22,157,6
22,158,6
22,159,12
22,160,13
22,162,20
22,163,4
22,165,17
22,166,8
22,167,17
22,170,9
22,171,2
22,172,16
22,173,8
22,176,15
22,178,18
22,180,19
22,182,5
22,183,6
22,188,7
22,190,4
22,191,17
22,194,20
22,195,5
22,197,7
22,198,6
23,25,4
23,28,11
23,31,14
23,33,11
23,35,3
23,39,3
23,40,11
23,41,19
23,42,17
23,43,10
23,44,10
23,45,14
23,46,2
23,48,16
23,49,5
23,50,7
23,51,5
23,52,1
23,53,4
23,54,10
23,55,20
23,56,6
23,59,3
23,60,4
23,62,6
23,63,19
23,65,11
23,66,7
23,68,18
23,70,3
23,71,13
23,72,11
23,73,14
23,74,7
23,75,20
23,76,2
23,77,16
23,78,4
23,81,2
23,85,5
23,87,17
23,88,8
23,89,17
23,90,20
23,91,19
23,92,19
23,95,10
23,97,9
23,98,19
23,99,16
23,100,16
23,101,4
23,102,13
23,103,5
23,104,3
23,105,19
23,107,7
23,108,17
23,110,10
23,111,13
23,112,16
23,114,3
23,117,2
23,118,3
23,119,15
23,122,8
23,123,6
23,124,18
23,125,13
23,126,17
23,127,13
23,128,14
23,129,16
23,131,9
23,133,16
23,134,14
23,136,8
23,138,15
23,139,5
23,140,16
23,143,8
23,149,15
23,152,17
23,156,6
23,157,6
23,159,14
23,160,11
23,161,13
23,162,8
23,163,8
23,164,15
23,165,8
23,166,18
23,168,20
23,169,5
23,174,20
23,175,19
23,176,18
23,177,3
23,178,19
23,179,12
23,180,18
23,181,20
23,182,9
23,184,17
23,185,2
23,186,17
23,187,12
23,193,1
23,195,4
23,196,13
23,197,7
23,199,10
24,26,17
24,28,11
24,29,18
24,30,8
24,32,11
24,34,18
24,35,4
24,36,2
24,37,3
24,38,11
24,39,11
24,43,17
24,44,15
24,46,20
24,47,17
24,48,4
24,49,16
24,50,16
24,52,4
24,53,3
24,54,4
24,55,3
24,56,20
24,57,4
24,58,13
24,59,3
24,61,6
24,62,19
24,65,6
24,66,10
24,67,14
24,69,1
24,71,7
24,73,17
24,74,3
24,75,19
24,76,2
24,83,19
24,84,10
24,85,19
24,86,2
24,87,18
24,88,8
24,90,4
24,92,5
24,93,13
24,94,2
24,96,15
24,97,16
24,99,13
24,100,15
24,101,14
24,102,11
24,104,12
24,105,7
24,106,17
24,108,19
24,109,20
24,110,6
24,111,5
24,112,5
24,113,5
24,114,10
24,116,16
24,117,8
24,119,3
24,120,8
24,121,4
24,123,20
24,124,4
24,125,17
24,127,7
24,129,15
24,134,18
24,135,4
24,137,20
24,138,20
24,139,8
24,142,12
24,143,10
24,144,16
24,145,13
24,146,14
24,147,9
24,149,13
24,150,18
24,152,6
24,153,17
24,155,11
24,156,10
24,157,12
24,161,19
24,163,3
24,165,11
24,166,6
24,167,1
24,168,14
24,170,19
24,171,14
24,174,13
24,175,12
24,177,10
24,180,11
24,181,3
24,183,1
24,184,1
24,187,13
24,188,8
24,189,15
24,190,11
24,191,20
24,192,4
24,193,20
24,196,5
24,197,6
24,198,2
25,27,16
25,28,10
25,29,6
25,30,10
25,32,11
25,33,5
25,34,6
25,35,19
25,36,19
25,38,8
25,39,17
25,40,13
25,41,17
25,42,15
25,43,14
25,45,3
25,46,5
25,48,17
25,49,3
25,50,9
25,51,7
25,52,2
25,53,20
25,55,9
25,56,15
25,58,9
25,59,4
25,60,18
25,61,3
25,62,10
25,64,6
25,69,8
25,70,18
25,72,1
25,73,17
25,74,7
25,77,1
25,78,6
25,81,3
25,83,8
25,85,7
25,89,17
25,91,7
25,92,9
25,94,9
25,95,15
25,99,12
25,100,6
25,101,20
25,102,19
25,103,2
25,104,13
25,105,17
25,108,13
25,109,15
25,110,6
25,112,6
25,113,12
25,116,1
25,118,10
25,119,19
25,121,4
25,123,7
25,125,7
25,128,20
25,130,15
25,131,11
25,132,2
25,136,18
25,137,8
25,140,14
25,141,13
25,142,14
25,143,11
25,147,11
25,149,1
25,150,5
25,151,13
25,154,5
25,156,11
25,157,14
25,160,4
25,163,5
25,167,11
25,168,14
25,169,17
25,170,9
25,171,16
25,173,5
25,174,2
25,175,17
25,177,4
25,179,11
25,182,10
25,183,17
25,188,5
25,189,20
25,191,1
25,192,9
25,193,9
25,194,5
25,196,7
25,197,4
25,198,5
25,199,17
26,27,13
26,28,15
26,29,2
26,30,20
26,31,7
26,33,20
26,34,2
26,35,18
26,36,20
26,37,14
26,39,20
26,42,18
26,43,13
26,44,10
26,46,3
26,47,3
26,48,8
26,50,7
26,53,15
26,55,17
26,56,1
26,58,8
26,59,20
26,60,16
26,61,16
26,62,8
26,63,5
26,64,1
26,65,6
26,68,10
26,70,20
26,71,11
26,72,3
26,74,20
26,75,7
26,76,5
26,79,12
26,82,4
26,84,4
26,86,19
26,87,7
26,88,15
26,89,17
26,90,14
26,92,16
26,93,19
26,95,17
26,98,16
26,102,3
26,103,12
26,104,14
26,108,16
26,109,7
26,111,8
26,114,3
26,115,4
26,116,9
26,118,9
26,120,7
26,122,20
26,123,7
26,124,1
26,126,2
26,128,15
26,129,11
26,130,19
26,132,19
26,134,5
26,135,5
26,137,9
26,140,7
26,141,14
26,144,1
26,146,8
26,149,9
26,150,19
26,151,13
26,155,7
26,156,19
26,158,2
26,160,13
26,162,4
26,164,2
26,168,9
26,171,13
26,172,6
26,173,7
26,174,11
26,175,9
26,178,10
26,179,4
26,180,15
26,181,2
26,183,3
26,184,5
26,185,5
26,186,6
26,188,17
26,189,3
26,190,7
26,191,14
26,193,20
26,194,4
26,197,12
26,198,2
27,30,19
27,31,3
27,32,4
27,33,15
27,34,12
27,35,9
27,37,20
27,40,19
27,41,16
27,43,17
27,44,18
27,48,5
27,49,6
27,50,16
27,51,15
27,52,17
27,53,18
27,54,2
27,55,15
27,56,6
27,57,14
27,58,18
27,62,13
27,63,8
27,64,11
27,65,14
27,66,4
27,67,12
27,69,3
27,70,7
27,72,2
27,73,6
27,76,16
27,78,9
27,80,18
27,82,7
27,83,4
27,84,20
27,85,10
27,90,6
27,93,18
27,95,8
27,97,8
27,99,16
27,100,12
27,103,6
27,104,18
27,105,19
27,108,13
27,112,9
27,116,18
27,117,19
27,118,12
27,120,2
27,121,17
27,123,8
27,127,1
27,130,19
27,131,12
27,132,5
27,136,13
27,137,10
27,138,9
27,139,5
27,140,3
27,144,13
27,145,6
27,148,11
27,149,4
27,151,1
27,153,12
27,154,10
27,155,5
27,156,9
27,158,20
27,160,15
27,161,6
27,163,4
27,165,7
27,167,1
27,171,14
27,172,19
27,173,11
27,174,5
27,175,11
27,177,6
27,181,1
27,183,19
27,185,15
27,186,4
27,187,19
27,188,20
27,189,15
27,190,20
27,192,3
27,194,11
27,196,19
28,30,13
28,31,20
28,34,7
28,36,18
28,37,7
28,39,9
28,40,16
28,41,5
28,42,15
28,44,8
28,45,7
28,48,20
28,49,12
28,50,11
28,51,5
28,53,2
28,54,18
28,57,19
28,58,7
28,60,1
28,61,17
28,63,1
28,64,7
28,65,15
28,67,16
28,72,4
28,73,17
28,74,2
28,78,10
28,79,4
28,80,9
28,83,17
28,84,16
28,86,7
28,88,16
28,90,15
28,91,6
28,92,2
28,95,13
28,99,10
28,101,5
28,103,4
28,104,14
28,107,17
28,108,13
28,110,4
28,111,7
28,113,11
28,115,5
28,116,10
28,117,8
28,118,12
28,120,11
28,121,13
28,123,14
28,124,2
28,125,18
28,126,4
28,127,12
28,128,8
28,129,4
28,132,18
28,133,4
28,134,5
28,136,9
28,138,14
28,139,2
28,140,16
28,142,17
28,143,4
28,144,1
28,145,17
28,147,17
28,148,16
28,150,4
28,151,4
28,152,14
28,153,16
28,154,16
28,155,16
28,156,15
28,157,2
28,159,8
28,160,12
28,162,10
28,163,15
28,164,7
28,165,19
28,166,15
28,169,4
28,170,15
28,172,8
28,174,12
28,175,2
28,177,4
28,180,10
28,181,18
28,183,4
28,184,3
28,186,18
28,187,8
28,188,14
28,189,5
28,190,5
28,191,15
28,195,2
28,196,8
28,198,6
28,199,7
29,31,17
29,33,19
29,34,20
29,36,5
29,38,18
29,44,4
29,45,15
29,46,13
29,47,19
29,48,5
29,49,16
29,52,7
29,54,14
29,55,1
29,56,7
29,58,8
29,59,13
29,60,7
29,61,10
29,64,12
29,65,15
29,67,10
29,69,10
29,71,18
29,72,4
29,73,18
29,74,17
29,75,19
29,76,18
29,79,14
29,80,1
29,82,18
29,83,14
29,84,4
29,87,5
29,88,4
29,92,7
29,93,11
29,95,5
29,97,20
29,98,7
29,99,1
29,101,10
29,102,1
29,103,12
29,104,14
29,106,14
29,107,14
29,108,1
29,109,3
29,112,4
29,114,7
29,115,9
29,116,12
29,118,2
29,119,20
29,121,18
29,122,13
29,123,15
29,125,20
29,127,8
29,128,9
29,134,18
29,136,9
29,138,5
29,139,12
29,146,12
29,147,12
29,150,20
29,151,8
29,153,8
29,155,13
29,160,9
29,161,18
29,164,19
29,165,2
29,166,3
29,168,20
29,170,15
29,173,2
29,174,9
29,175,11
29,176,2
29,177,13
29,178,16
29,179,17
29,180,7
29,183,14
29,184,6
29,185,17
29,186,13
29,194,4
29,195,8
29,199,8
30,32,18
30,33,18
30,39,19
30,42,18
30,43,10
30,44,1
30,45,14
30,46,1
30,47,7
30,48,7
30,50,6
30,52,11
30,53,11
30,54,13
30,55,7
30,56,7
30,57,3
30,59,13
30,60,10
30,63,14
30,64,10
30,65,19
30,66,9
30,67,1
30,68,11
30,69,18
30,71,10
30,72,19
30,73,6
30,75,14
30,76,8
30,79,9
30,80,18
30,81,4
30,82,19
30,85,13
30,89,7
30,92,2
30,93,20
30,94,16
30,95,1
30,97,4
30,98,20
30,99,16
30,104,17
30,105,2
30,106,15
30,107,5
30,109,15
30,110,13
30,112,11
30,114,3
30,115,11
30,116,10
30,117,9
30,118,4
30,119,13
30,120,8
30,122,7
30,123,18
30,125,12
30,126,3
30,127,1
30,129,14
30,131,8
30,132,16
30,133,3
30,135,16
30,136,11
30,137,6
30,138,16
30,139,20
30,140,3
30,142,20
30,143,12
30,147,17
30,148,3
30,149,16
30,151,18
30,152,10
30,155,13
30,156,5
30,158,8
30,159,13
30,160,15
30,162,5
30,163,14
30,164,7
30,165,5
30,166,13
30,167,20
30,168,10
30,169,16
30,170,3
30,172,4
30,173,3
30,174,12
30,176,18
30,179,11
30,180,16
30,183,11
30,187,5
30,188,16
30,189,15
30,191,7
30,192,13
30,193,12
30,195,9
30,196,20
30,198,13
30,199,8
31,35,2
31,36,14
31,37,20
31,38,10
31,39,20
31,41,20
31,45,4
31,46,8
31,47,3
31,49,9
31,51,4
31,55,7
31,58,15
31,61,1
31,63,1
31,64,2
31,65,16
31,66,5
31,70,13
31,71,7
31,74,20
31,75,14
31,77,5
31,80,11
31,81,13
31,84,10
31,85,3
31,86,16
31,87,19
31,89,16
31,90,4
31,92,7
31,94,10
31,95,6
31,97,16
31,98,12
31,100,10
31,103,2
31,105,6
31,107,15
31,108,1
31,109,5
31,110,7
31,111,2
31,112,6
31,113,6
31,119,14
31,120,4
31,121,12
31,122,9
31,123,20
31,124,9
31,126,15
31,129,10
31,131,9
31,133,16
31,134,20
31,135,9
31,138,7
31,141,19
31,143,7
31,146,18
31,147,1
31,148,16
31,151,1
31,152,14
31,156,19
31,159,10
31,160,15
31,161,16
31,162,18
31,166,7
31,168,1
31,169,2
31,171,18
31,172,15
31,174,17
31,175,11
31,176,20
31,177,15
31,178,6
31,179,6
31,182,10
31,184,11
31,186,10
31,190,5
31,191,11
31,192,20
31,193,10
31,194,8
31,195,17
31,197,19
31,198,19
31,199,2
32,33,11
32,34,18
32,39,4
32,40,15
32,41,9
32,42,18
32,43,1
32,49,5
32,50,11
32,52,4
32,53,11
32,54,18
32,58,10
32,59,14
32,60,20
32,64,5
32,66,10
32,68,20
32,69,11
32,71,2
32,72,7
32,78,11
32,79,7
32,80,18
32,81,2
32,82,2
32,83,8
32,84,5
32,85,19
32,89,12
32,90,20
32,91,13
32,92,11
32,93,15
32,94,9
32,96,11
32,97,14
32,99,18
32,100,8
32,101,17
32,102,7
32,103,15
32,106,1
32,107,6
32,108,12
32,112,1
32,114,5
32,119,5
32,121,4
32,125,17
32,127,1
32,128,6
32,130,15
32,134,2
32,135,20
32,136,6
32,137,9
32,139,9
32,140,12
32,142,17
32,143,14
32,144,1
32,146,17
32,149,10
32,150,9
32,151,20
32,154,14
32,155,19
32,156,15
32,157,18
32,159,17
32,161,15
32,162,1
32,165,15
32,169,19
32,171,15
32,173,2
32,175,11
32,176,4
32,177,8
32,178,20
32,181,20
32,185,6
32,186,17
32,190,2
32,191,14
32,192,16
32,193,9
32,195,18
32,197,3
32,198,3
33,34,20
33,35,20
33,36,10
33,37,17
33,38,18
33,39,4
33,41,13
33,42,18
33,44,3
33,45,13
33,46,14
33,47,3
33,48,4
33,49,9
33,50,20
33,51,13
33,53,19
33,57,16
33,59,6
33,60,11
33,61,16
33,63,8
33,64,9
33,65,12
33,66,6
33,67,13
33,68,7
33,72,13
33,73,1
33,74,9
33,76,10
33,78,6
33,79,15
33,80,5
33,81,17
33,84,11
33,87,10
33,88,15
33,89,12
33,90,16
33,91,5
33,92,19
33,93,6
33,94,19
33,97,5
33,98,18
33,100,3
33,101,2
33,102,13
33,103,6
33,104,2
33,106,13
33,108,16
33,110,9
33,111,10
33,115,1
33,119,12
33,120,2
33,123,5
33,124,4
33,126,20
33,127,15
33,128,5
33,130,1
33,131,14
33,132,9
33,137,16
33,138,3
33,141,3
33,142,10
33,145,20
33,146,3
33,150,9
33,151,2
33,152,2
33,155,18
33,156,16
33,161,12
33,163,20
33,164,15
33,165,19
33,166,16
33,167,7
33,170,20
33,172,17
33,173,6
33,174,9
33,177,20
33,179,8
33,180,15
33,181,1
33,182,17
33,184,19
33,185,19
33,187,3
33,190,13
33,193,6
33,195,20
33,197,2
34,39,11
34,42,7
34,43,4
34,44,5
34,45,15
34,49,4
34,51,16
34,54,4
34,55,3
34,58,20
34,59,2
34,60,13
34,61,19
34,62,4
34,63,1
34,64,16
34,65,6
34,66,1
34,67,6
34,69,14
34,73,16
34,76,19
34,78,12
34,82,7
34,83,6
34,88,11
34,89,16
34,90,2
34,92,2
34,94,16
34,95,18
34,96,9
34,98,16
34,100,14
34,101,3
34,104,12
34,105,3
34,106,3
34,107,1
34,108,10
34,109,14
34,111,10
34,113,15
34,114,6
34,118,5
34,121,4
34,122,5
34,123,2
34,124,12
34,125,15
34,126,10
34,127,6
34,128,9
34,130,13
34,131,3
34,132,9
34,133,18
34,135,8
34,137,17
34,138,5
34,139,16
34,140,14
34,141,8
34,142,7
34,143,15
34,144,4
34,145,15
34,148,20
34,149,12
34,150,9
34,151,19
34,154,19
34,155,15
34,156,5
34,157,20
34,158,10
34,159,2
34,160,7
34,164,12
34,165,7
34,167,8
34,168,9
34,169,10
34,170,11
34,173,17
34,176,14
34,179,19
34,180,17
34,181,10
34,182,19
34,183,5
34,184,13
34,185,3
34,186,18
34,187,16
34,189,4
34,190,16
34,191,4
34,193,3
34,195,1
34,196,1
34,197,19
34,198,20
35,36,2
35,38,14
35,39,12
35,40,3
35,41,5
35,43,6
35,45,3
35,46,4
35,47,8
35,48,7
35,50,12
35,53,12
35,55,16
35,57,11
35,58,3
35,61,1
35,63,15
35,65,3
35,66,8
35,69,19
35,70,6
35,72,19
35,73,20
35,74,14
35,76,16
35,84,2
35,85,6
35,86,16
35,87,5
35,88,13
35,89,12
35,91,14
35,92,18
35,93,19
35,96,20
35,97,9
35,99,20
35,103,17
35,104,15
35,105,2
35,108,4
35,110,1
35,111,2
35,112,13
35,113,11
35,114,13
35,115,9
35,117,6
35,119,4
35,122,9
35,123,7
35,124,8
35,125,5
35,126,17
35,128,6
35,129,7
35,132,5
35,137,6
35,138,16
35,139,9
35,141,8
35,145,8
35,146,18
35,148,15
35,150,14
35,152,6
35,153,6
35,154,2
35,155,18
35,156,4
35,157,13
35,158,8
35,161,13
35,163,12
35,164,1
35,165,10
35,166,6
35,167,19
35,168,15
35,170,17
35,171,16
35,172,10
35,174,10
35,175,11
35,179,15
35,180,9
35,181,2
35,182,4
35,183,12
35,186,4
35,189,4
35,190,17
35,193,13
35,195,10
35,199,15
36,38,11
36,42,12
36,43,9
36,44,13
36,50,8
36,51,4
36,52,10
36,53,3
36,54,19
36,58,7
36,61,4
36,62,10
36,63,6
36,64,1
36,67,14
36,71,16
36,72,7
36,73,20
36,76,2
36,78,13
36,79,7
36,81,20
36,82,4
36,83,11
36,84,8
36,85,14
36,86,16
36,87,6
36,89,6
36,91,13
36,92,8
36,94,20
36,96,3
36,98,8
36,105,10
36,106,15
36,107,6
36,108,20
36,109,8
36,111,20
36,113,16
36,114,6
36,116,4
36,117,8
36,118,8
36,122,12
36,123,13
36,124,5
36,125,9
36,126,8
36,128,14
36,129,15
36,130,19
36,132,15
36,134,13
36,135,20
36,136,20
36,137,1
36,139,4
36,141,4
36,142,16
36,143,7
36,144,6
36,147,9
36,148,8
36,150,16
36,151,14
36,153,20
36,154,11
36,156,19
36,158,16
36,160,1
36,161,8
36,165,5
36,167,5
36,169,19
36,170,15
36,171,19
36,174,14
36,176,6
36,177,6
36,178,15
36,180,11
36,181,4
36,182,2
36,185,12
36,187,9
36,188,9
36,193,2
36,194,8
36,195,20
36,196,6
36,198,2
36,199,16
37,39,15
37,40,4
37,41,15
37,46,19
37,47,11
37,49,14
37,50,20
37,51,14
37,52,16
37,54,13
37,57,19
37,59,6
37,60,17
37,62,4
37,64,19
37,65,11
37,66,17
37,67,13
37,68,18
37,69,1
37,72,4
37,75,3
37,76,12
37,77,11
37,79,17
37,80,8
37,81,14
37,83,19
37,84,10
37,86,7
37,88,4
37,89,15
37,90,20
37,93,13
37,94,19
37,96,18
37,97,17
37,99,3
37,101,2
37,103,19
37,104,13
37,106,11
37,107,4
37,108,7
37,109,2
37,110,3
37,112,8
37,114,15
37,115,13
37,116,12
37,119,10
37,120,13
37,122,18
37,124,3
37,125,4
37,126,8
37,127,11
37,128,10
37,129,1
37,131,11
37,133,12
37,134,11
37,136,15
37,138,8
37,141,18
37,144,15
37,146,17
37,148,3
37,149,11
37,150,17
37,151,12
37,152,13
37,153,17
37,154,19
37,156,14
37,157,6
37,158,15
37,159,18
37,160,14
37,162,5
37,164,13
37,166,7
37,167,20
37,168,1
37,169,8
37,171,18
37,174,2
37,180,4
37,181,7
37,182,18
37,183,11
37,185,9
37,189,6
37,196,6
37,197,5
37,199,7
38,39,15
38,40,16
38,41,3
38,42,17
38,43,7
38,44,9
38,45,19
38,46,18
38,47,20
38,48,20
38,49,16
38,50,10
38,51,11
38,52,12
38,53,11
38,55,18
38,56,3
38,57,3
38,58,19
38,59,11
38,61,11
38,62,2
38,65,8
38,66,15
38,67,2
38,68,15
38,72,10
38,73,19
38,75,18
38,76,15
38,79,11
38,84,16
38,85,4
38,86,9
38,87,1
38,88,7
38,91,16
38,96,18
38,97,5
38,98,13
38,100,17
38,102,18
38,104,3
38,105,9
38,106,11
38,109,17
38,111,3
38,114,12
38,116,15
38,118,10
38,119,19
38,120,17
38,121,17
38,124,11
38,126,9
38,128,10
38,129,1
38,133,17
38,136,15
38,137,2
38,138,15
38,140,12
38,142,13
38,145,15
38,147,15
38,148,14
38,150,2
38,151,13
38,152,15
38,153,1
38,155,9
38,156,2
38,160,18
38,162,14
38,163,12
38,164,17
38,165,7
38,166,14
38,168,2
38,171,3
38,173,1
38,174,18
38,175,8
38,176,12
38,177,15
38,178,5
38,179,5
38,180,15
38,181,15
38,182,7
38,183,18
38,189,5
38,190,14
38,191,14
38,193,11
38,194,5
38,195,7
38,196,9
38,197,19
39,41,1
39,42,9
39,43,11
39,44,4
39,45,13
39,46,6
39,51,5
39,54,13
39,55,12
39,56,4
39,58,9
39,60,18
39,61,7
39,62,12
39,64,9
39,65,2
39,66,15
39,67,5
39,69,19
39,70,4
39,71,18
39,75,19
39,78,2
39,79,11
39,81,18
39,82,5
39,83,10
39,84,1
39,86,19
39,88,6
39,89,5
39,90,6
39,93,8
39,94,3
39,95,1
39,96,20
39,99,18
39,101,6
39,102,8
39,103,16
39,104,12
39,105,19
39,106,19
39,108,4
39,109,12
39,111,16
39,113,15
39,115,6
39,119,18
39,123,8
39,125,4
39,126,13
39,127,1
39,128,16
39,129,17
39,130,18
39,131,19
39,134,20
39,135,17
39,136,7
39,137,14
39,138,14
39,139,19
39,140,13
39,141,9
39,144,14
39,147,10
39,148,16
39,151,15
39,153,9
39,154,20
39,155,5
39,156,3
39,159,11
39,161,9
39,162,17
39,163,9
39,164,7
39,165,18
39,166,6
39,169,1
39,170,2
39,171,16
39,172,10
39,173,7
39,175,8
39,176,14
39,177,16
39,178,11
39,179,14
39,180,12
39,183,7
39,184,13
39,185,10
39,189,7
39,191,7
39,193,6
39,198,17
39,199,8
40,41,20
40,43,3
40,45,5
40,46,20
40,47,10
40,49,10
40,50,16
40,51,19
40,53,1
40,56,11
40,57,14
40,58,4
40,59,13
40,60,17
40,62,10
40,63,15
40,65,20
40,69,17
40,70,2
40,71,15
40,73,2
40,74,9
40,77,19
40,78,20
40,79,13
40,81,6
40,82,5
40,83,5
40,89,20
40,90,1
40,94,7
40,95,6
40,96,8
40,99,12
40,101,8
40,102,16
40,109,10
40,111,2
40,112,1
40,113,17
40,114,10
40,116,9
40,119,7
40,121,10
40,122,4
40,125,9
40,126,17
40,131,16
40,132,14
40,133,8
40,135,19
40,136,17
40,137,16
40,138,17
40,140,18
40,141,8
40,142,3
40,144,20
40,145,5
40,147,12
40,148,4
40,149,11
40,152,4
40,153,13
40,155,7
40,156,12
40,157,15
40,158,2
40,159,18
40,160,10
40,161,9
40,162,18
40,168,6
40,169,19
40,170,4
40,171,18
40,172,17
40,173,13
40,175,10
40,176,10
40,178,1
40,179,10
40,180,19
40,181,9
40,182,19
40,183,10
40,184,6
40,185,9
40,187,2
40,188,3
40,191,2
40,192,20
40,195,14
40,196,17
40,198,10
41,42,19
41,46,13
41,48,7
41,50,19
41,51,6
41,53,9
41,54,5
41,55,9
41,56,2
41,57,13
41,58,7
41,59,18
41,60,20
41,61,10
41,63,17
41,64,5
41,66,5
41,67,4
41,68,11
41,69,13
41,70,11
41,73,4
41,74,9
41,77,10
41,80,18
41,83,4
41,84,2
41,85,16
41,86,9
41,87,12
41,89,17
41,90,9
41,91,10
41,92,2
41,94,11
41,95,10
41,99,17
41,100,6
41,105,1
41,107,4
41,110,12
41,112,4
41,113,10
41,115,2
41,116,20
41,118,18
41,121,13
41,122,16
41,124,19
41,125,17
41,130,18
41,134,20
41,137,13
41,138,1
41,142,15
41,144,9
41,146,18
41,147,17
41,148,20
41,149,5
41,150,17
41,151,4
41,153,9
41,156,17
41,157,9
41,158,18
41,159,19
41,161,17
41,162,5
41,163,8
41,164,5
41,165,10
41,167,17
41,168,2
41,170,5
41,171,16
41,172,16
41,173,14
41,174,14
41,177,16
41,182,18
41,183,19
41,184,10
41,186,18
41,188,7
41,189,15
41,190,10
41,193,20
41,194,4
41,196,15
41,197,8
41,199,13
42,43,7
42,47,8
42,50,4
42,51,20
42,52,3
42,53,14
42,54,2
42,56,6
42,57,2
42,58,11
42,59,14
42,61,5
42,62,18
42,63,18
42,64,11
42,65,20
42,68,13
42,69,19
42,70,6
42,72,14
42,73,14
42,74,11
42,75,10
42,77,10
42,80,2
42,82,19
42,85,18
42,86,18
42,88,9
42,90,12
42,91,16
42,92,17
42,93,17
42,94,15
42,95,20
42,96,1
42,97,8
42,98,10
42,100,2
42,101,11
42,102,16
42,105,4
42,108,4
42,111,13
42,112,17
42,113,11
42,114,6
42,115,13
42,116,2
42,117,15
42,118,19
42,119,3
42,120,4
42,121,15
42,124,13
42,126,7
42,127,1
42,129,16
42,130,5
42,131,18
42,132,5
42,133,9
42,134,19
42,135,20
42,138,1
42,140,11
42,142,5
42,144,17
42,145,7
42,146,2
42,147,1
42,148,12
42,149,5
42,150,1
42,151,1
42,152,19
42,155,15
42,160,5
42,161,14
42,162,1
42,164,5
42,165,19
42,167,5
42,168,9
42,169,13
42,173,13
42,175,4
42,176,1
42,177,9
42,178,3
42,181,13
42,182,6
42,183,5
42,187,19
42,188,12
42,189,9
42,190,8
42,191,8
42,196,9
42,198,13
42,199,3
43,44,4
43,45,8
43,47,12
43,48,6
43,50,12
43,51,7
43,52,16
43,53,13
43,54,19
43,55,10
43,57,20
43,59,9
43,60,2
43,62,2
43,65,15
43,66,2
43,68,12
43,69,13
43,70,18
43,72,8
43,73,8
43,75,5
43,78,17
43,80,20
43,83,10
43,84,17
43,87,18
43,88,18
43,89,3
43,93,17
43,94,19
43,95,16
43,96,20
43,99,8
43,100,15
43,101,1
43,103,8
43,105,20
43,107,2
43,109,3
43,111,11
43,114,6
43,116,8
43,117,5
43,118,1
43,119,17
43,120,17
43,121,9
43,123,4
43,125,7
43,128,17
43,130,16
43,131,8
43,135,7
43,136,4
43,137,7
43,138,15
43,139,5
43,142,11
43,143,18
43,144,14
43,145,2
43,147,1
43,148,20
43,149,2
43,150,20
43,151,9
43,153,12
43,154,20
43,155,15
43,156,19
43,158,4
43,160,6
43,163,20
43,164,3
43,165,6
43,167,17
43,170,20
43,171,5
43,172,14
43,174,16
43,176,2
43,177,2
43,179,10
43,181,13
43,183,17
43,184,13
43,185,10
43,186,8
43,187,10
43,188,15
43,189,15
43,190,11
43,193,15
43,194,2
43,195,15
43,196,4
43,197,5
43,198,19
43,199,4
44,46,9
44,47,8
44,48,8
44,49,6
44,52,19
44,55,10
44,56,18
44,57,15
44,59,20
44,61,12
44,62,20
44,63,2
44,66,3
44,67,1
44,69,8
44,70,5
44,71,15
44,72,20
44,73,18
44,74,19
44,76,19
44,77,6
44,79,6
44,80,7
44,81,7
44,82,16
44,83,14
44,84,18
44,85,9
44,88,3
44,89,11
44,93,6
44,94,7
44,97,5
44,98,18
44,101,18
44,102,16
44,103,6
44,104,8
44,105,7
44,106,17
44,108,8
44,109,17
44,111,13
44,112,11
44,113,19
44,114,7
44,115,4
44,117,7
44,118,18
44,119,9
44,120,15
44,122,11
44,123,17
44,124,11
44,125,4
44,126,10
44,128,17
44,129,19
44,131,15
44,133,5
44,134,15
44,135,12
44,139,9
44,140,18
44,141,14
44,143,3
44,145,6
44,146,14
44,147,3
44,148,14
44,149,3
44,152,12
44,153,1
44,155,19
44,156,9
44,157,1
44,158,17
44,159,17
44,160,10
44,161,13
44,162,3
44,163,1
44,165,1
44,168,4
44,170,13
44,172,12
44,173,4
44,174,6
44,176,14
44,177,2
44,178,11
44,180,14
44,183,18
44,185,6
44,188,11
44,189,20
44,191,2
44,192,12
44,195,1
44,198,7
44,199,2
45,46,2
45,47,10
45,49,14
45,50,3
45,51,11
45,52,12
45,53,17
45,55,8
45,56,17
45,57,13
45,58,17
45,59,5
45,60,1
45,63,12
45,65,11
45,67,16
45,70,20
45,71,1
45,73,2
45,76,16
45,77,20
45,78,9
45,79,14
45,80,19
45,81,5
45,83,14
45,84,12
45,85,18
45,87,8
45,89,19
45,91,14
45,92,15
45,93,5
45,94,4
45,95,11
45,100,20
45,101,17
45,104,13
45,106,1
45,107,14
45,108,17
45,112,18
45,113,18
45,116,20
45,119,13
45,120,1
45,121,18
45,122,9
45,124,6
45,125,17
45,126,20
45,127,9
45,128,6
45,129,12
45,131,16
45,133,5
45,134,11
45,135,17
45,136,17
45,137,10
45,138,14
45,141,10
45,143,19
45,144,14
45,145,16
45,152,19
45,153,9
45,156,7
45,157,12
45,159,16
45,160,11
45,162,8
45,164,20
45,165,13
45,166,16
45,168,9
45,169,20
45,170,8
45,172,3
45,173,6
45,174,14
45,176,3
45,178,3
45,183,8
45,185,2
45,188,11
45,189,20
45,190,6
45,192,4
45,193,11
45,195,13
45,197,18
45,198,17
46,47,9
46,48,13
46,51,6
46,52,7
46,55,20
46,56,14
46,57,12
46,58,14
46,59,9
46,61,3
46,62,9
46,64,20
46,65,9
46,67,5
46,68,20
46,70,12
46,71,6
46,72,17
46,73,8
46,74,4
46,75,5
46,77,20
46,78,14
46,79,12
46,80,3
46,81,19
46,82,9
46,85,6
46,86,4
46,89,9
46,92,8
46,94,5
46,95,14
46,97,9
46,99,18
46,100,5
46,101,16
46,102,14
46,103,14
46,105,5
46,106,17
46,107,13
46,108,18
46,109,19
46,111,18
46,112,19
46,113,11
46,115,11
46,117,19
46,118,13
46,120,13
46,121,9
46,122,9
46,123,13
46,131,16
46,133,20
46,136,6
46,137,19
46,138,10
46,139,15
46,145,20
46,146,15
46,148,3
46,149,5
46,151,11
46,152,8
46,154,16
46,156,10
46,157,14
46,158,2
46,159,7
46,162,3
46,163,12
46,166,11
46,167,14
46,169,7
46,170,15
46,172,12
46,173,17
46,174,4
46,176,7
46,178,4
46,179,17
46,181,4
46,182,20
46,183,17
46,184,3
46,188,5
46,189,5
46,190,7
46,192,7
46,194,12
46,195,6
46,196,18
46,199,18
47,48,5
47,50,16
47,51,14
47,52,3
47,53,1
47,54,8
47,57,20
47,60,10
47,64,5
47,65,12
47,67,9
47,68,19
47,70,3
47,73,3
47,74,14
47,75,16
47,76,17
47,77,2
47,78,6
47,80,4
47,81,2
47,84,1
47,86,10
47,88,4
47,92,10
47,94,9
47,96,9
47,98,5
47,101,11
47,102,10
47,103,14
47,104,13
47,105,11
47,106,15
47,107,14
47,108,2
47,113,4
47,115,19
47,116,17
47,117,15
47,118,16
47,122,8
47,124,8
47,125,10
47,127,8
47,128,4
47,131,2
47,135,3
47,136,15
47,137,17
47,138,18
47,141,13
47,142,7
47,146,4
47,147,6
47,151,18
47,153,7
47,155,19
47,156,5
47,158,12
47,159,12
47,160,20
47,161,2
47,163,6
47,166,1
47,167,15
47,171,4
47,173,6
47,174,2
47,175,13
47,176,5
47,177,1
47,179,14
47,182,9
47,183,11
47,184,8
47,187,17
47,189,12
47,191,13
47,192,14
47,193,16
47,195,15
47,196,16
47,197,15
48,51,14
48,55,3
48,56,17
48,60,12
48,61,10
48,62,19
48,65,13
48,66,13
48,67,3
48,68,16
48,70,13
48,73,11
48,74,5
48,75,10
48,76,1
48,79,7
48,80,11
48,83,14
48,85,19
48,86,18
48,87,12
48,90,1
48,91,8
48,93,16
48,95,3
48,96,5
48,97,3
48,98,11
48,99,10
48,100,15
48,102,13
48,104,4
48,108,8
48,109,3
48,110,17
48,112,19
48,113,6
48,115,13
48,116,15
48,119,8
48,120,16
48,121,2
48,122,16
48,123,16
48,125,19
48,127,2
48,128,18
48,129,14
48,130,9
48,132,6
48,136,15
48,137,1
48,140,4
48,141,15
48,142,7
48,144,1
48,145,14
48,146,19
48,147,17
48,150,9
48,154,10
48,155,20
48,156,2
48,160,17
48,163,13
48,165,14
48,166,14
48,167,3
48,171,11
48,172,20
48,174,3
48,179,1
48,180,20
48,181,12
48,182,5
48,187,4
48,190,7
48,191,12
48,194,2
48,195,4
48,197,19
48,199,6
49,51,8
49,53,17
49,54,19
49,56,6
49,58,17
49,59,6
49,60,1
49,61,6
49,62,1
49,65,9
49,66,11
49,67,3
49,68,6
49,71,20
49,72,1
49,73,4
49,75,11
49,76,7
49,77,20
49,79,6
49,80,6
49,81,12
49,82,16
49,84,6
49,85,15
49,86,9
49,87,8
49,90,2
49,91,13
49,92,13
49,93,10
49,94,19
49,95,14
49,96,6
49,97,8
49,98,11
49,100,3
49,101,12
49,102,8
49,103,13
49,104,18
49,106,19
49,108,8
49,109,20
49,110,14
49,111,12
49,112,8
49,114,11
49,115,9
49,116,16
49,117,15
49,118,5
49,120,4
49,123,14
49,129,2
49,130,3
49,131,5
49,132,13
49,133,19
49,135,19
49,137,2
49,139,5
49,142,19
49,145,8
49,147,20
49,149,15
49,151,1
49,153,6
49,154,17
49,155,6
49,156,7
49,157,4
49,158,15
49,159,5
49,161,18
49,162,16
49,163,2
49,167,14
49,168,19
49,169,3
49,170,18
49,171,11
49,173,8
49,174,18
49,177,15
49,178,2
49,179,10
49,181,8
49,182,20
49,186,1
49,188,3
49,189,2
49,191,7
49,194,3
49,195,14
49,196,6
49,197,14
49,198,20
50,51,19
50,53,13
50,54,17
50,56,2
50,59,18
50,60,19
50,61,6
50,62,18
50,63,10
50,65,9
50,68,19
50,70,8
50,72,13
50,74,9
50,75,18
50,82,1
50,83,15
50,84,20
50,85,1
50,90,14
50,91,20
50,94,9
50,96,16
50,97,19
50,103,17
50,105,20
50,106,18
50,107,8
50,108,14
50,109,4
50,110,5
50,111,18
50,115,11
50,116,18
50,117,16
50,118,19
50,119,15
50,121,14
50,123,9
50,124,15
50,125,1
50,126,14
50,127,11
50,128,2
50,130,7
50,131,7
50,134,17
50,135,4
50,136,12
50,138,3
50,139,12
50,141,19
50,143,16
50,145,10
50,146,17
50,147,13
50,148,9
50,149,5
50,150,7
50,152,9
50,153,7
50,154,9
50,155,19
50,156,20
50,157,11
50,159,11
50,165,8
50,166,6
50,167,7
50,168,3
50,170,14
50,172,13
50,175,14
50,176,9
50,177,18
50,179,9
50,181,11
50,184,16
50,186,10
50,188,2
50,191,18
50,192,9
50,193,4
50,194,16
50,195,16
50,196,5
50,197,13
50,198,20
50,199,20
51,52,7
51,54,5
51,56,12
51,59,17
51,60,14
51,61,19
51,62,5
51,63,10
51,64,19
51,65,19
51,66,15
51,67,5
51,69,9
51,72,16
51,73,9
51,74,17
51,76,12
51,79,14
51,80,6
51,81,5
51,83,14
51,84,3
51,87,1
51,91,10
51,93,9
51,94,1
51,95,9
51,96,18
51,97,9
51,98,18
51,99,17
51,101,4
51,105,20
51,106,19
51,107,8
51,108,10
51,109,5
51,110,14
51,113,18
51,116,5
51,118,20
51,119,5
51,120,13
51,121,7
51,122,13
51,123,4
51,127,15
51,129,17
51,130,9
51,134,15
51,137,10
51,139,2
51,140,10
51,143,15
51,144,19
51,145,19
51,146,9
51,149,16
51,150,12
51,151,12
51,154,11
51,156,16
51,160,4
51,161,2
51,162,12
51,164,13
51,165,19
51,168,4
51,169,18
51,172,19
51,173,6
51,174,15
51,175,9
51,176,19
51,177,15
51,178,18
51,179,10
51,180,17
51,181,11
51,183,12
51,186,6
51,188,19
51,189,4
51,190,8
51,191,9
51,193,16
51,196,9
51,197,16
51,198,1
51,199,17
52,53,4
52,54,11
52,55,13
52,56,20
52,57,10
52,58,16
52,59,18
52,60,12
52,61,6
52,64,8
52,65,17
52,66,6
52,67,16
52,68,6
52,69,5
52,70,9
52,71,12
52,72,2
52,76,13
52,78,3
52,84,15
52,85,4
52,86,20
52,88,10
52,89,16
52,90,15
52,91,16
52,93,8
52,94,6
52,95,4
52,97,15
52,99,6
52,101,13
52,102,4
52,104,4
52,105,14
52,107,9
52,113,4
52,114,2
52,115,12
52,116,1
52,118,20
52,119,2
52,122,11
52,123,9
52,124,8
52,125,11
52,126,9
52,127,13
52,128,8
52,129,20
52,131,18
52,132,15
52,134,13
52,137,9
52,138,7
52,140,10
52,141,12
52,142,12
52,143,20
52,144,16
52,146,12
52,147,6
52,149,15
52,151,13
52,152,20
52,153,18
52,156,15
52,158,7
52,159,20
52,161,15
52,162,4
52,164,14
52,165,2
52,168,10
52,169,12
52,171,19
52,172,10
52,173,11
52,174,17
52,176,17
52,178,19
52,179,12
52,180,6
52,181,17
52,182,20
52,186,10
52,189,8
52,191,17
52,192,1
52,193,4
52,195,13
52,196,4
52,198,9
52,199,10
53,60,19
53,62,20
53,63,18
53,64,9
53,65,3
53,67,1
53,70,11
53,72,2
53,76,15
53,77,5
53,78,6
53,79,10
53,81,7
53,82,20
53,85,13
53,87,5
53,88,16
53,91,5
53,94,8
53,95,5
53,97,3
53,99,7
53,100,6
53,102,18
53,103,7
53,105,19
53,107,5
53,109,11
53,110,10
53,113,10
53,114,9
53,115,20
53,116,9
53,117,2
53,119,18
53,120,9
53,121,14
53,122,12
53,124,11
53,126,2
53,128,12
53,132,6
53,133,15
53,134,9
53,135,9
53,136,16
53,137,5
53,140,5
53,141,14
53,142,18
53,146,9
53,147,4
53,150,6
53,152,7
53,153,1
53,155,18
53,159,2
53,160,5
53,162,5
53,163,4
53,164,15
53,165,14
53,166,14
53,167,2
53,171,2
53,172,18
53,173,5
53,176,16
53,177,11
53,178,9
53,179,14
53,180,17
53,183,14
53,184,9
53,186,16
53,187,6
53,188,16
53,189,3
53,190,13
53,191,6
53,192,1
53,193,6
53,195,14
53,198,15
53,199,3
54,58,5
54,59,15
54,60,14
54,61,19
54,62,7
54,64,20
54,65,2
54,67,19
54,71,20
54,72,4
54,75,9
54,76,9
54,77,17
54,79,16
54,80,6
54,81,8
54,82,4
54,83,6
54,85,15
54,87,15
54,90,2
54,94,1
54,96,10
54,97,2
54,98,5
54,99,13
54,101,10
54,102,6
54,103,1
54,106,17
54,107,8
54,108,1
54,112,6
54,113,16
54,115,17
54,116,10
54,118,14
54,120,13
54,122,2
54,126,19
54,127,2
54,129,7
54,130,11
54,131,10
54,135,19
54,137,16
54,138,12
54,139,16
54,144,1
54,145,19
54,146,6
54,150,14
54,151,9
54,152,17
54,153,12
54,154,8
54,155,6
54,157,18
54,159,10
54,160,17
54,161,6
54,164,17
54,166,4
54,167,13
54,169,3
54,173,4
54,175,9
54,176,15
54,177,10
54,179,19
54,180,12
54,181,10
54,182,12
54,183,5
54,184,2
54,187,20
54,191,6
54,192,17
54,193,15
54,197,9
54,198,20
55,56,17
55,57,11
55,58,17
55,59,10
55,62,12
55,63,7
55,65,15
55,68,7
55,69,3
55,70,4
55,71,18
55,72,9
55,74,17
55,75,10
55,77,2
55,78,9
55,79,7
55,81,8
55,83,15
55,84,17
55,85,8
55,87,20
55,88,6
55,92,10
55,94,10
55,95,20
55,98,1
55,101,9
55,103,14
55,104,12
55,105,14
55,106,7
55,109,15
55,110,12
55,118,5
55,119,12
55,120,5
55,121,17
55,123,2
55,124,20
55,126,15
55,128,14
55,133,17
55,134,18
55,135,13
55,136,4
55,140,15
55,141,14
55,142,6
55,144,3
55,147,4
55,150,14
55,151,6
55,153,4
55,154,6
55,155,15
55,156,3
55,158,8
55,159,10
55,160,18
55,161,5
55,162,10
55,163,1
55,164,2
55,165,13
55,166,9
55,167,2
55,168,13
55,169,18
55,174,16
55,175,20
55,176,7
55,178,12
55,183,19
55,185,4
55,187,12
55,188,5
55,189,17
55,190,10
55,191,12
55,193,16
55,195,5
55,196,14
55,197,2
55,198,15
55,199,13
56,57,7
56,59,4
56,60,4
56,61,17
56,62,7
56,63,12
56,66,19
56,67,7
56,68,2
56,69,13
56,70,18
56,71,19
56,75,16
56,76,16
56,77,20
56,79,16
56,82,2
56,84,9
56,85,15
56,86,14
56,87,13
56,88,1
56,90,10
56,92,8
56,93,13
56,95,17
56,96,2
56,97,4
56,98,18
56,101,10
56,103,16
56,104,4
56,106,3
56,107,8
56,108,20
56,110,14
56,111,6
56,113,13
56,114,10
56,117,13
56,119,10
56,121,2
56,122,5
56,124,14
56,126,7
56,128,19
56,129,6
56,130,8
56,131,17
56,132,10
56,137,15
56,138,6
56,139,15
56,140,16
56,141,20
56,142,3
56,143,2
56,145,14
56,146,19
56,148,19
56,149,14
56,152,2
56,153,6
56,154,1
56,155,9
56,156,15
56,158,17
56,159,19
56,162,16
56,164,18
56,165,11
56,166,17
56,167,15
56,168,8
56,169,2
56,170,2
56,171,14
56,180,18
56,181,11
56,182,5
56,183,13
56,184,20
56,186,5
56,187,9
56,188,16
56,189,19
56,190,6
56,192,7
56,194,1
56,196,9
57,59,18
57,61,11
57,64,16
57,65,20
57,67,4
57,68,4
57,70,9
57,72,16
57,73,1
57,76,19
57,77,10
57,78,12
57,80,12
57,81,15
57,82,9
57,84,11
57,87,10
57,88,10
57,89,1
57,90,10
57,91,3
57,93,18
57,94,16
57,95,19
57,96,4
57,97,1
57,99,17
57,100,15
57,101,3
57,104,2
57,107,6
57,108,11
57,109,20
57,113,5
57,115,1
57,116,4
57,118,11
57,119,10
57,121,14
57,122,19
57,124,14
57,125,10
57,128,8
57,129,13
57,130,10
57,131,4
57,133,18
57,134,16
57,135,14
57,138,3
57,139,9
57,142,8
57,143,4
57,145,15
57,146,13
57,147,3
57,148,19
57,149,2
57,151,1
57,154,12
57,155,6
57,156,7
57,157,15
57,158,5
57,159,3
57,160,10
57,161,9
57,167,15
57,168,10
57,170,4
57,171,9
57,172,8
57,173,14
57,175,5
57,176,17
57,177,4
57,178,20
57,179,14
57,180,13
57,181,6
57,183,15
57,184,17
57,187,12
57,188,19
57,189,1
57,191,20
57,192,8
57,194,9
57,195,19
57,198,20
58,60,2
58,62,6
58,64,13
58,66,1
58,67,18
58,68,17
58,70,15
58,71,12
58,72,10
58,73,20
58,74,19
58,75,11
58,77,14
58,85,5
58,88,8
58,90,9
58,97,9
58,98,3
58,99,15
58,103,16
58,104,18
58,105,3
58,106,9
58,107,16
58,108,13
58,109,9
58,110,10
58,111,6
58,113,4
58,114,2
58,115,15
58,117,8
58,119,16
58,120,17
58,121,17
58,122,1
58,123,13
58,125,6
58,126,10
58,127,5
58,130,12
58,131,10
58,134,15
58,135,1
58,136,17
58,140,2
58,142,3
58,144,15
58,146,17
58,147,20
58,148,11
58,149,19
58,151,5
58,152,7
58,154,3
58,155,16
58,157,16
58,158,14
58,159,14
58,160,17
58,161,6
58,162,17
58,163,20
58,164,19
58,165,2
58,167,9
58,168,20
58,169,3
58,170,8
58,171,8
58,172,5
58,175,18
58,177,11
58,178,6
58,181,5
58,183,2
58,184,10
58,185,11
58,186,13
58,187,14
58,188,18
58,189,14
58,190,2
58,191,8
58,192,17
58,193,2
58,194,2
58,195,3
58,196,8
58,198,12
58,199,11
59,61,5
59,62,16
59,63,7
59,64,4
59,66,4
59,67,4
59,69,19
59,71,1
59,72,18
59,73,11
59,74,11
59,75,2
59,79,15
59,81,5
59,83,12
59,84,14
59,91,9
59,92,16
59,93,9
59,94,14
59,95,18
59,97,3
59,98,19
59,99,20
59,100,20
59,102,20
59,104,16
59,106,15
59,107,7
59,109,5
59,110,19
59,111,10
59,112,8
59,113,13
59,115,12
59,117,16
59,118,17
59,119,5
59,120,5
59,122,3
59,124,16
59,125,13
59,127,7
59,129,1
59,131,17
59,135,12
59,136,15
59,139,10
59,141,14
59,142,3
59,143,1
59,145,4
59,146,6
59,148,4
59,149,14
59,153,13
59,154,16
59,156,17
59,158,15
59,159,6
59,162,11
59,164,11
59,166,19
59,167,2
59,168,13
59,169,7
59,170,15
59,171,10
59,172,2
59,175,16
59,177,13
59,179,8
59,180,20
59,181,12
59,182,11
59,184,16
59,187,8
59,188,10
59,189,4
59,190,10
59,192,9
59,194,9
59,195,16
59,196,4
59,199,12
60,63,14
60,66,2
60,67,3
60,69,13
60,70,8
60,71,1
60,73,10
60,74,7
60,75,8
60,76,19
60,77,13
60,78,10
60,80,12
60,81,14
60,83,19
60,86,13
60,87,1
60,88,13
60,89,15
60,90,19
60,92,1
60,96,11
60,99,7
60,100,8
60,101,10
60,103,20
60,104,17
60,106,4
60,107,17
60,108,15
60,109,13
60,110,1
60,111,11
60,112,18
60,113,6
60,115,17
60,118,15
60,119,19
60,121,2
60,122,15
60,123,8
60,124,3
60,125,14
60,127,3
60,128,17
60,130,15
60,132,5
60,133,7
60,135,11
60,139,18
60,140,19
60,142,7
60,143,19
60,144,20
60,145,5
60,146,5
60,147,7
60,150,19
60,151,15
60,153,1
60,155,17
60,156,6
60,157,13
60,159,15
60,161,17
60,162,5
60,163,2
60,165,14
60,169,9
60,171,5
60,172,8
60,173,5
60,174,20
60,177,18
60,178,4
60,179,11
60,180,7
60,181,5
60,182,13
60,183,5
60,186,13
60,188,11
60,189,7
60,190,16
60,192,3
60,194,5
60,195,14
60,196,8
60,198,7
60,199,8
61,62,12
61,64,4
61,65,11
61,66,1
61,67,1
61,68,10
61,69,20
61,70,13
61,71,20
61,77,15
61,80,17
61,81,1
61,82,10
61,84,3
61,86,14
61,89,11
61,90,3
61,92,19
61,94,5
61,95,18
61,97,9
61,98,15
61,102,5
61,103,20
61,104,5
61,107,11
61,108,5
61,109,15
61,110,9
61,111,13
61,113,6
61,115,9
61,118,18
61,119,5
61,120,18
61,127,14
61,128,7
61,129,13
61,130,7
61,131,19
61,132,10
61,133,1
61,137,3
61,138,14
61,140,19
61,141,9
61,142,8
61,143,2
61,144,15
61,145,11
61,146,5
61,148,16
61,149,1
61,150,14
61,151,2
61,152,17
61,154,5
61,156,1
61,157,6
61,160,2
61,165,13
61,167,7
61,168,19
61,170,13
61,171,4
61,173,9
61,174,6
61,175,9
61,177,12
61,178,3
61,180,10
61,181,3
61,185,14
61,187,4
61,188,19
61,189,7
61,190,12
61,193,7
61,196,4
61,197,2
61,198,2
62,66,1
62,69,6
62,70,16
62,71,2
62,72,9
62,73,3
62,74,3
62,75,7
62,76,9
62,79,2
62,80,9
62,81,5
62,84,5
62,89,10
62,91,19
62,92,12
62,93,14
62,94,20
62,96,17
62,97,4
62,98,6
62,100,13
62,101,17
62,103,20
62,104,18
62,105,18
62,107,1
62,110,12
62,111,1
62,112,16
62,113,2
62,116,14
62,117,5
62,118,6
62,119,2
62,120,20
62,121,15
62,124,19
62,125,19
62,127,4
62,128,15
62,129,4
62,130,14
62,131,18
62,133,17
62,134,8
62,136,18
62,138,11
62,139,17
62,140,13
62,141,11
62,142,2
62,147,1
62,150,12
62,151,5
62,152,11
62,153,2
62,156,18
62,157,20
62,158,2
62,159,20
62,160,7
62,161,12
62,163,6
62,165,13
62,167,6
62,168,6
62,169,13
62,171,1
62,174,20
62,175,18
62,176,15
62,178,13
62,179,19
62,181,16
62,183,4
62,184,7
62,185,19
62,188,12
62,190,1
62,191,16
62,192,18
62,193,2
62,194,15
62,195,18
62,197,17
62,199,19
63,64,6
63,67,20
63,68,3
63,69,13
63,71,5
63,72,14
63,73,15
63,74,9
63,75,20
63,80,14
63,82,20
63,84,3
63,86,14
63,87,7
63,91,3
63,95,17
63,96,12
63,99,7
63,100,5
63,101,12
63,102,5
63,106,13
63,108,15
63,110,6
63,111,13
63,113,9
63,117,9
63,119,6
63,120,12
63,122,13
63,123,17
63,124,20
63,125,10
63,128,20
63,129,6
63,130,17
63,131,5
63,132,10
63,133,6
63,134,20
63,135,2
63,136,17
63,138,10
63,139,15
63,140,20
63,141,2
63,143,11
63,145,16
63,146,20
63,148,3
63,149,8
63,150,4
63,151,20
63,152,1
63,154,10
63,155,9
63,157,12
63,158,3
63,159,12
63,161,15
63,162,1
63,164,20
63,165,15
63,167,18
63,169,20
63,170,13
63,171,6
63,172,1
63,173,19
63,177,3
63,178,2
63,179,11
63,182,17
63,183,9
63,185,5
63,187,8
63,188,14
63,189,11
63,190,2
63,191,3
63,194,18
63,196,12
63,197,15
63,199,3
64,66,11
64,67,16
64,68,6
64,70,17
64,71,18
64,72,6
64,73,10
64,74,20
64,75,1
64,77,12
64,78,2
64,79,17
64,81,20
64,82,14
64,84,10
64,86,10
64,89,3
64,92,9
64,96,15
64,100,16
64,101,20
64,104,12
64,106,17
64,108,7
64,111,1
64,112,4
64,114,17
64,117,10
64,119,18
64,120,4
64,122,2
64,123,12
64,124,19
64,130,19
64,132,6
64,133,20
64,134,5
64,138,6
64,139,7
64,140,11
64,141,19
64,142,7
64,144,17
64,146,18
64,147,19
64,148,9
64,150,11
64,152,1
64,153,17
64,154,15
64,155,8
64,157,19
64,158,2
64,159,7
64,160,20
64,161,4
64,163,3
64,166,15
64,167,8
64,171,5
64,173,19
64,174,6
64,178,1
64,179,12
64,180,6
64,181,13
64,182,14
64,185,14
64,188,12
64,189,4
64,190,12
64,191,7
64,192,12
64,194,12
64,196,2
64,197,4
64,199,11
65,66,20
65,67,14
65,68,15
65,69,10
65,71,19
65,73,5
65,74,11
65,75,18
65,76,13
65,77,11
65,79,20
65,81,5
65,83,12
65,85,3
65,88,4
65,89,20
65,90,8
65,91,8
65,93,15
65,96,4
65,98,20
65,99,16
65,101,17
65,102,11
65,103,6
65,104,20
65,108,4
65,109,7
65,112,17
65,113,3
65,116,8
65,117,11
65,118,18
65,119,4
65,121,14
65,122,19
65,123,10
65,125,17
65,127,11
65,128,3
65,129,7
65,132,14
65,133,13
65,134,17
65,136,19
65,137,20
65,138,19
65,139,2
65,143,1
65,144,17
65,145,12
65,147,12
65,149,10
65,150,16
65,151,15
65,153,11
65,155,5
65,156,9
65,157,10
65,158,4
65,159,3
65,160,4
65,163,19
65,164,15
65,166,17
65,168,17
65,169,5
65,171,17
65,172,18
65,173,6
65,174,4
65,175,4
65,177,16
65,178,20
65,179,19
65,183,2
65,184,1
65,185,19
65,189,2
65,191,13
65,193,15
65,194,4
65,197,10
65,198,1
65,199,9
66,71,20
66,72,20
66,74,19
66,75,20
66,76,7
66,78,19
66,79,8
66,80,10
66,82,14
66,86,20
66,87,14
66,89,6
66,92,15
66,94,13
66,95,4
66,96,17
66,97,16
66,98,20
66,99,8
66,100,6
66,101,14
66,102,10
66,104,13
66,106,10
66,107,1
66,109,7
66,110,11
66,112,11
66,113,7
66,114,19
66,118,7
66,119,16
66,120,11
66,121,5
66,122,18
66,123,2
66,124,11
66,126,5
66,128,19
66,132,20
66,133,17
66,134,5
66,135,19
66,137,6
66,138,18
66,141,16
66,142,5
66,143,20
66,148,10
66,149,5
66,152,18
66,153,17
66,154,20
66,156,20
66,157,5
66,159,12
66,161,8
66,162,20
66,164,1
66,166,6
66,167,15
66,171,3
66,172,2
66,173,1
66,175,14
66,176,9
66,177,19
66,178,18
66,180,7
66,181,19
66,182,18
66,183,3
66,184,4
66,185,17
66,187,5
66,188,4
66,189,14
66,191,20
66,192,9
66,194,9
66,195,3
66,196,17
66,197,11
66,198,9
67,68,12
67,69,1
67,73,16
67,74,6
67,75,11
67,77,3
67,81,3
67,83,5
67,85,18
67,86,20
67,87,14
67,89,12
67,91,8
67,92,14
67,93,13
67,95,16
67,97,19
67,100,3
67,101,12
67,102,7
67,103,1
67,104,9
67,106,3
67,107,14
67,110,12
67,111,1
67,114,6
67,115,3
67,116,16
67,117,15
67,118,12
67,120,13
67,121,4
67,122,6
67,124,15
67,125,15
67,126,12
67,127,14
67,128,4
67,129,3
67,130,9
67,131,15
67,134,10
67,135,18
67,139,16
67,143,6
67,147,1
67,148,20
67,149,15
67,150,15
67,152,15
67,153,9
67,154,18
67,155,20
67,156,5
67,157,9
67,159,2
67,160,3
67,162,19
67,163,5
67,165,10
67,166,20
67,169,14
67,170,18
67,171,5
67,174,8
67,176,18
67,177,13
67,178,15
67,179,20
67,180,15
67,182,17
67,183,14
67,184,6
67,186,8
67,187,6
67,188,2
67,189,7
67,191,20
67,192,12
67,194,14
67,197,17
67,199,4
68,69,10
68,71,11
68,72,13
68,73,10
68,74,7
68,77,16
68,78,4
68,79,20
68,81,3
68,82,18
68,85,7
68,87,6
68,88,5
68,90,9
68,91,17
68,92,20
68,94,7
68,95,14
68,96,13
68,97,13
68,98,18
68,99,8
68,101,16
68,102,8
68,103,3
68,105,20
68,106,16
68,112,15
68,113,18
68,114,13
68,116,9
68,120,9
68,123,4
68,126,18
68,131,20
68,132,3
68,133,3
68,135,20
68,136,5
68,137,20
68,138,18
68,140,8
68,141,19
68,143,11
68,144,15
68,146,18
68,151,4
68,152,6
68,155,15
68,157,17
68,159,2
68,160,2
68,162,5
68,163,2
68,165,14
68,166,19
68,167,20
68,168,19
68,169,17
68,170,15
68,171,1
68,172,20
68,176,2
68,177,1
68,178,16
68,181,20
68,182,2
68,183,9
68,184,11
68,187,11
68,188,13
68,192,3
68,193,13
68,195,18
68,196,7
68,199,17
69,71,12
69,72,7
69,75,9
69,78,6
69,82,8
69,83,12
69,84,15
69,85,4
69,86,5
69,87,17
69,89,13
69,90,19
69,91,8
69,92,13
69,95,18
69,96,5
69,97,18
69,98,15
69,99,14
69,101,20
69,104,20
69,107,11
69,108,11
69,109,3
69,111,3
69,112,2
69,113,18
69,114,14
69,115,13
69,120,10
69,121,18
69,123,4
69,124,8
69,129,5
69,131,5
69,132,8
69,133,12
69,135,6
69,137,17
69,141,14
69,142,5
69,143,3
69,145,13
69,146,5
69,147,4
69,148,7
69,149,17
69,150,4
69,151,10
69,152,5
69,153,15
69,155,17
69,158,20
69,159,7
69,160,19
69,163,6
69,164,11
69,166,16
69,168,15
69,170,16
69,172,20
69,173,13
69,175,4
69,178,18
69,179,10
69,184,19
69,185,2
69,189,17
69,190,19
69,191,2
69,192,5
69,194,2
69,195,4
69,197,2
69,198,18
69,199,12
70,72,15
70,74,19
70,76,18
70,78,12
70,79,15
70,83,7
70,84,2
70,87,4
70,89,19
70,92,6
70,94,8
70,95,3
70,96,14
70,97,19
70,98,11
70,99,11
70,100,18
70,102,12
70,103,15
70,104,20
70,105,14
70,106,4
70,108,2
70,109,20
70,110,9
70,112,16
70,113,10
70,117,18
70,118,6
70,119,4
70,121,5
70,123,20
70,124,3
70,126,16
70,127,20
70,128,11
70,129,6
70,130,7
70,131,3
70,132,5
70,134,2
70,136,20
70,137,10
70,138,14
70,139,2
70,141,11
70,143,9
70,144,19
70,145,20
70,146,20
70,147,5
70,149,15
70,150,20
70,152,9
70,154,17
70,155,15
70,156,20
70,157,11
70,160,14
70,161,15
70,163,13
70,166,11
70,168,12
70,169,15
70,170,2
70,171,13
70,172,5
70,175,16
70,176,4
70,177,1
70,178,6
70,179,3
70,180,3
70,181,9
70,182,20
70,184,17
70,185,10
70,186,4
70,187,14
70,189,5
70,190,15
70,196,6
70,197,17
70,198,11
70,199,17
71,72,13
71,76,4
71,77,3
71,78,2
71,79,2
71,80,18
71,81,9
71,83,15
71,86,9
71,88,1
71,91,11
71,92,3
71,93,10
71,94,17
71,97,18
71,98,1
71,99,2
71,100,1
71,102,15
71,103,17
71,104,16
71,105,19
71,108,14
71,109,20
71,110,10
71,111,7
71,114,1
71,116,7
71,119,18
71,121,10
71,123,4
71,126,2
71,128,15
71,133,11
71,135,12
71,136,6
71,138,6
71,140,12
71,143,6
71,144,15
71,146,13
71,148,17
71,150,17
71,151,18
71,153,16
71,155,17
71,158,15
71,161,20
71,165,10
71,166,3
71,167,10
71,168,14
71,170,13
71,171,20
71,174,1
71,178,10
71,181,6
71,185,3
71,186,9
71,188,7
71,189,2
71,192,8
71,195,8
71,197,9
71,199,5
72,74,10
72,77,13
72,79,8
72,82,2
72,83,5
72,84,8
72,85,6
72,89,4
72,91,17
72,93,8
72,94,18
72,96,13
72,99,7
72,100,19
72,101,3
72,104,11
72,105,19
72,108,6
72,109,9
72,111,16
72,112,2
72,114,10
72,118,8
72,120,8
72,125,8
72,126,2
72,128,15
72,130,8
72,131,14
72,132,15
72,133,19
72,135,15
72,136,7
72,138,15
72,139,16
72,142,16
72,143,4
72,146,11
72,148,2
72,150,15
72,153,18
72,154,18
72,155,8
72,156,17
72,157,13
72,158,13
72,162,18
72,166,20
72,167,1
72,168,7
72,170,11
72,176,18
72,177,13
72,179,5
72,180,10
72,182,13
72,185,15
72,186,18
72,188,1
72,190,8
72,191,20
72,192,3
72,193,3
72,194,20
72,196,5
72,197,8
72,199,16
73,74,6
73,75,15
73,76,18
73,79,12
73,80,6
73,81,7
73,84,8
73,86,7
73,87,6
73,88,11
73,89,18
73,90,6
73,92,6
73,93,10
73,94,20
73,95,4
73,96,4
73,97,18
73,98,14
73,99,11
73,100,12
73,101,9
73,102,12
73,104,16
73,105,9
73,106,9
73,107,9
73,109,10
73,112,20
73,113,18
73,117,5
73,118,15
73,119,4
73,121,7
73,125,18
73,126,4
73,127,2
73,129,4
73,130,13
73,132,17
73,133,12
73,134,5
73,135,5
73,136,18
73,137,7
73,138,3
73,140,12
73,142,1
73,144,11
73,147,5
73,150,2
73,151,11
73,152,6
73,155,9
73,156,7
73,159,17
73,162,7
73,163,18
73,166,18
73,167,8
73,168,17
73,170,12
73,174,5
73,175,6
73,176,12
73,177,19
73,179,14
73,182,16
73,184,20
73,186,3
73,188,6
73,189,2
73,190,12
73,191,16
73,194,10
73,195,14
73,197,8
74,75,19
74,76,10
74,79,11
74,82,6
74,83,1
74,86,18
74,87,15
74,88,17
74,92,12
74,95,15
74,99,20
74,101,7
74,102,18
74,103,3
74,104,12
74,105,4
74,107,1
74,108,3
74,109,9
74,110,7
74,112,13
74,117,17
74,120,11
74,121,14
74,122,19
74,123,5
74,124,5
74,127,7
74,130,9
74,133,19
74,135,12
74,136,18
74,138,18
74,139,4
74,140,9
74,141,8
74,143,6
74,148,9
74,152,2
74,154,19
74,156,9
74,157,7
74,158,13
74,159,18
74,161,9
74,162,12
74,163,3
74,164,18
74,165,15
74,166,8
74,167,9
74,168,15
74,169,5
74,171,19
74,172,1
74,173,8
74,176,19
74,178,15
74,180,18
74,181,18
74,182,17
74,183,16
74,184,10
74,186,14
74,190,14
74,191,1
74,193,4
74,194,4
74,195,20
74,196,10
74,198,12
75,76,1
75,77,13
75,78,2
75,80,7
75,83,1
75,85,1
75,86,12
75,87,10
75,93,19
75,94,13
75,95,4
75,96,9
75,98,11
75,99,7
75,103,18
75,104,2
75,107,16
75,108,16
75,110,13
75,112,5
75,116,8
75,117,13
75,120,16
75,122,2
75,123,7
75,125,1
75,126,8
75,128,19
75,131,11
75,132,18
75,134,4
75,136,8
75,138,15
75,140,12
75,141,9
75,143,9
75,145,3
75,146,7
75,147,6
75,148,14
75,150,16
75,152,3
75,153,14
75,154,1
75,155,2
75,156,17
75,158,9
75,160,19
75,161,2
75,162,17
75,163,12
75,165,13
75,166,4
75,168,9
75,171,6
75,173,15
75,174,5
75,175,1
75,176,5
75,177,17
75,178,7
75,179,6
75,182,9
75,185,15
75,186,3
75,189,8
75,193,18
75,194,20
75,195,16
75,197,16
75,198,15
75,199,2
76,77,11
76,79,10
76,80,16
76,81,5
76,82,16
76,86,3
76,88,18
76,89,13
76,91,6
76,92,5
76,93,2
76,94,19
76,96,13
76,102,12
76,103,6
76,106,14
76,113,2
76,115,18
76,116,12
76,119,10
76,121,6
76,122,9
76,123,10
76,125,13
76,128,14
76,129,11
76,134,2
76,135,8
76,136,17
76,138,9
76,139,6
76,140,15
76,141,8
76,143,4
76,144,2
76,148,4
76,149,14
76,150,1
76,151,12
76,153,4
76,157,11
76,158,3
76,159,19
76,160,13
76,162,5
76,163,15
76,164,11
76,166,5
76,168,8
76,169,16
76,170,18
76,171,13
76,172,4
76,173,14
76,175,14
76,176,8
76,177,13
76,178,14
76,179,10
76,180,6
76,181,1
76,182,12
76,184,7
76,185,1
76,187,6
76,189,7
76,191,11
76,194,14
77,79,14
77,80,5
77,81,8
77,82,1
77,83,3
77,84,1
77,85,10
77,88,3
77,89,19
77,92,10
77,94,14
77,97,10
77,100,20
77,101,18
77,102,9
77,106,17
77,107,14
77,108,4
77,109,20
77,110,20
77,113,7
77,116,5
77,117,19
77,119,9
77,123,9
77,124,17
77,126,16
77,127,5
77,129,17
77,130,9
77,131,1
77,134,3
77,135,15
77,136,7
77,137,14
77,142,20
77,143,6
77,145,12
77,146,20
77,147,19
77,148,15
77,149,20
77,150,6
77,151,10
77,152,16
77,154,17
77,155,1
77,156,5
77,157,12
77,158,16
77,160,10
77,161,4
77,163,10
77,164,15
77,165,8
77,166,4
77,167,11
77,168,17
77,171,1
77,172,1
77,173,12
77,174,19
77,175,20
77,176,1
77,179,9
77,181,6
77,183,16
77,185,2
77,186,11
77,187,13
77,188,14
77,189,6
77,191,4
77,194,2
77,196,13
77,197,1
77,198,5
77,199,9
78,80,14
78,81,4
78,82,11
78,83,16
78,85,11
78,88,8
78,90,3
78,91,11
78,92,19
78,93,7
78,94,16
78,95,5
78,96,14
78,98,16
78,99,6
78,101,7
78,103,16
78,104,20
78,105,3
78,107,3
78,113,8
78,114,9
78,117,16
78,118,6
78,119,7
78,120,13
78,121,6
78,122,9
78,124,5
78,125,14
78,126,2
78,127,2
78,128,12
78,130,20
78,132,11
78,133,11
78,134,11
78,135,19
78,136,1
78,137,6
78,138,4
78,139,17
78,140,14
78,142,17
78,144,3
78,146,13
78,147,3
78,149,10
78,150,10
78,154,20
78,155,11
78,156,9
78,157,10
78,158,5
78,164,20
78,166,19
78,168,6
78,170,12
78,171,16
78,172,14
78,175,9
78,176,12
78,177,15
78,182,2
78,183,16
78,185,20
78,188,10
78,189,1
78,190,17
78,191,7
78,193,18
78,196,20
78,197,10
78,198,5
78,199,1
79,80,6
79,81,14
79,82,12
79,83,10
79,86,11
79,91,11
79,95,1
79,96,11
79,99,17
79,100,11
79,103,19
79,107,14
79,108,17
79,109,5
79,114,7
79,115,5
79,116,4
79,117,12
79,118,17
79,119,6
79,120,20
79,123,5
79,124,13
79,125,11
79,126,13
79,127,4
79,128,19
79,129,11
79,132,1
79,133,5
79,134,6
79,135,5
79,136,2
79,140,6
79,141,15
79,143,2
79,145,16
79,147,6
79,150,4
79,152,9
79,153,9
79,156,9
79,157,19
79,158,19
79,161,9
79,163,16
79,165,16
79,167,4
79,169,5
79,170,15
79,173,18
79,174,3
79,175,14
79,177,4
79,178,12
79,180,6
79,182,7
79,183,11
79,184,11
79,186,3
79,187,15
79,191,15
79,192,11
79,193,9
79,194,9
79,196,1
79,197,16
79,198,15
79,199,1
80,84,9
80,86,19
80,89,18
80,91,6
80,92,5
80,93,20
80,94,5
80,97,12
80,98,2
80,99,1
80,101,20
80,102,7
80,104,7
80,105,19
80,106,15
80,107,11
80,111,11
80,112,5
80,116,8
80,119,10
80,122,20
80,123,20
80,125,1
80,126,1
80,127,10
80,128,18
80,130,11
80,131,3
80,133,10
80,134,18
80,136,13
80,137,15
80,138,11
80,139,16
80,140,5
80,141,4
80,143,2
80,145,16
80,146,12
80,147,20
80,148,16
80,150,6
80,151,1
80,158,15
80,159,19
80,160,5
80,161,19
80,165,16
80,166,10
80,169,7
80,170,9
80,173,10
80,174,9
80,176,7
80,178,14
80,180,5
80,182,8
80,183,6
80,184,14
80,185,3
80,187,15
80,190,19
80,191,3
80,193,1
80,194,1
80,195,1
80,196,7
80,197,7
80,198,15
81,82,20
81,83,16
81,86,2
81,87,6
81,88,14
81,89,16
81,90,14
81,91,16
81,92,14
81,93,3
81,95,18
81,96,20
81,97,3
81,98,11
81,99,11
81,100,2
81,101,6
81,103,13
81,109,8
81,112,12
81,113,14
81,115,6
81,116,1
81,117,2
81,118,10
81,119,2
81,121,9
81,123,1
81,124,2
81,127,14
81,128,14
81,129,3
81,130,3
81,131,3
81,133,20
81,134,1
81,135,2
81,136,1
81,137,1
81,140,20
81,141,6
81,142,20
81,143,11
81,144,10
81,149,15
81,150,5
81,155,12
81,156,11
81,157,4
81,159,6
81,162,10
81,163,6
81,166,14
81,167,11
81,168,15
81,170,16
81,172,7
81,174,8
81,175,11
81,178,3
81,179,8
81,180,2
81,182,14
81,183,18
81,184,6
81,185,15
81,187,14
81,188,20
81,190,18
81,191,5
81,193,9
81,194,17
81,196,16
81,197,4
81,198,8
82,83,17
82,84,4
82,85,19
82,87,7
82,88,7
82,89,17
82,91,15
82,92,14
82,93,6
82,94,15
82,95,1
82,96,8
82,97,7
82,98,5
82,99,7
82,103,15
82,104,15
82,105,14
82,106,13
82,109,17
82,111,4
82,112,4
82,113,13
82,115,9
82,116,1
82,117,14
82,119,8
82,122,7
82,123,11
82,124,17
82,125,8
82,127,10
82,128,14
82,130,2
82,132,19
82,134,3
82,136,15
82,141,17
82,142,6
82,143,6
82,144,14
82,147,12
82,148,3
82,149,5
82,150,8
82,151,12
82,152,15
82,154,18
82,155,10
82,157,15
82,159,5
82,162,5
82,166,13
82,167,12
82,168,15
82,170,4
82,172,9
82,174,3
82,175,1
82,176,8
82,177,16
82,180,13
82,181,3
82,182,6
82,183,3
82,184,20
82,187,18
82,189,12
82,191,10
82,192,14
82,193,5
82,194,3
82,195,5
82,197,4
82,198,14
83,85,9
83,86,6
83,88,3
83,89,1
83,91,7
83,93,2
83,94,18
83,95,18
83,96,10
83,97,7
83,98,6
83,99,16
83,100,17
83,104,11
83,105,15
83,106,3
83,107,18
83,109,20
83,111,14
83,113,19
83,114,12
83,115,20
83,118,18
83,119,14
83,120,14
83,121,13
83,122,13
83,123,14
83,125,9
83,126,9
83,127,2
83,128,1
83,131,20
83,132,6
83,135,10
83,138,20
83,141,9
83,143,7
83,144,1
83,145,4
83,147,12
83,149,8
83,150,8
83,151,16
83,153,15
83,154,13
83,157,13
83,158,10
83,159,20
83,161,13
83,163,5
83,164,13
83,165,17
83,166,12
83,167,5
83,168,15
83,171,4
83,172,2
83,173,19
83,175,17
83,176,7
83,177,15
83,178,19
83,179,10
83,180,4
83,181,13
83,182,6
83,186,6
83,188,1
83,189,4
83,195,1
83,196,7
83,199,10
84,85,7
84,86,12
84,88,10
84,89,9
84,90,20
84,91,2
84,92,19
84,94,1
84,95,14
84,96,11
84,101,5
84,102,16
84,104,3
84,106,16
84,107,1
84,111,9
84,117,19
84,119,3
84,121,6
84,122,18
84,124,1
84,125,4
84,127,2
84,129,16
84,130,3
84,131,15
84,132,15
84,135,8
84,136,11
84,137,17
84,138,8
84,139,16
84,140,7
84,141,11
84,144,7
84,145,5
84,147,12
84,148,9
84,149,7
84,150,3
84,151,3
84,152,13
84,153,7
84,154,8
84,155,7
84,157,11
84,158,3
84,161,7
84,162,3
84,164,10
84,166,3
84,167,6
84,168,8
84,169,5
84,170,17
84,172,17
84,173,11
84,176,3
84,177,11
84,179,6
84,180,6
84,183,20
84,184,19
84,185,11
84,186,11
84,187,20
84,188,5
84,189,11
84,190,20
84,194,10
84,195,15
84,196,16
84,198,7
84,199,16
85,87,15
85,88,9
85,89,12
85,90,5
85,93,17
85,94,3
85,95,10
85,96,12
85,97,13
85,99,1
85,100,13
85,101,2
85,102,15
85,104,8
85,105,19
85,106,20
85,108,16
85,111,4
85,113,2
85,114,10
85,115,13
85,117,12
85,119,13
85,123,1
85,124,9
85,125,13
85,128,15
85,129,11
85,131,20
85,132,15
85,133,16
85,135,12
85,136,12
85,137,12
85,138,16
85,140,20
85,141,11
85,146,6
85,147,17
85,149,20
85,151,20
85,152,14
85,153,7
85,155,16
85,157,4
85,158,7
85,160,11
85,161,3
85,162,9
85,163,17
85,164,1
85,166,11
85,167,17
85,168,1
85,169,18
85,170,13
85,172,1
85,173,14
85,174,12
85,177,18
85,178,1
85,179,19
85,180,12
85,181,17
85,183,16
85,184,5
85,185,6
85,186,9
85,188,1
85,189,1
85,190,14
85,192,6
85,193,8
85,196,12
85,199,10
86,87,10
86,88,10
86,89,9
86,90,16
86,91,13
86,92,17
86,95,15
86,96,8
86,97,1
86,98,2
86,99,11
86,100,5
86,101,15
86,102,2
86,104,8
86,105,8
86,106,4
86,107,13
86,110,3
86,113,13
86,114,2
86,115,2
86,117,17
86,119,17
86,120,15
86,122,19
86,124,4
86,126,11
86,128,14
86,129,4
86,131,11
86,132,5
86,133,10
86,135,9
86,136,11
86,137,19
86,138,17
86,139,16
86,140,14
86,143,6
86,145,3
86,146,13
86,147,3
86,148,18
86,150,15
86,151,3
86,152,16
86,156,15
86,160,14
86,163,13
86,164,10
86,166,1
86,168,5
86,169,1
86,170,5
86,171,9
86,173,11
86,174,10
86,175,7
86,176,8
86,177,1
86,178,10
86,179,18
86,180,8
86,181,8
86,184,15
86,186,9
86,187,9
86,189,8
86,192,16
86,194,4
86,195,10
86,196,12
86,197,18
86,198,16
86,199,8
87,88,4
87,89,18
87,90,3
87,92,4
87,93,15
87,95,11
87,98,7
87,99,10
87,100,14
87,103,15
87,104,5
87,106,15
87,107,1
87,112,15
87,114,17
87,115,1
87,116,20
87,118,5
87,119,1
87,120,5
87,121,11
87,124,5
87,128,9
87,130,2
87,132,18
87,134,10
87,137,6
87,138,19
87,140,6
87,141,16
87,144,3
87,148,8
87,150,2
87,151,2
87,153,8
87,155,15
87,156,18
87,157,6
87,158,16
87,161,17
87,162,1
87,164,14
87,166,6
87,168,3
87,170,18
87,171,20
87,173,4
87,176,12
87,178,13
87,180,14
87,181,8
87,182,20
87,183,11
87,184,18
87,185,1
87,186,17
87,189,7
87,191,17
87,194,2
87,196,5
87,198,7
88,89,9
88,91,16
88,92,15
88,94,5
88,95,16
88,96,11
88,98,10
88,99,19
88,100,19
88,102,19
88,108,14
88,110,18
88,113,18
88,116,10
88,117,16
88,119,10
88,121,5
88,122,19
88,123,11
88,125,4
88,127,16
88,128,11
88,129,15
88,131,6
88,134,7
88,135,15
88,136,17
88,137,12
88,139,18
88,142,13
88,143,2
88,145,4
88,146,3
88,148,9
88,149,7
88,150,3
88,151,15
88,152,14
88,154,6
88,155,13
88,159,15
88,160,3
88,161,1
88,164,13
88,165,13
88,166,9
88,167,8
88,169,10
88,170,9
88,172,2
88,175,9
88,176,8
88,177,9
88,178,11
88,179,4
88,181,11
88,182,5
88,183,10
88,186,14
88,187,18
88,189,15
88,190,8
88,191,16
88,193,11
88,194,15
88,196,3
88,197,18
89,90,9
89,91,18
89,93,14
89,96,1
89,97,9
89,98,10
89,99,17
89,100,4
89,101,8
89,102,3
89,104,11
89,107,17
89,108,12
89,109,19
89,112,7
89,113,12
89,114,10
89,120,3
89,121,19
89,122,20
89,123,6
89,124,19
89,126,16
89,127,8
89,130,5
89,133,3
89,135,4
89,137,13
89,141,11
89,143,2
89,144,12
89,145,15
89,147,13
89,148,6
89,150,1
89,151,5
89,155,10
89,158,14
89,159,19
89,160,5
89,162,3
89,163,4
89,164,5
89,167,9
89,168,16
89,170,1
89,173,18
89,174,11
89,175,20
89,176,1
89,177,5
89,178,6
89,180,9
89,182,17
89,184,13
89,186,15
89,188,14
89,189,12
89,190,11
89,192,16
89,194,11
89,197,17
89,198,7
90,91,12
90,92,12
90,93,8
90,94,13
90,96,7
90,99,9
90,100,1
90,101,2
90,102,18
90,103,17
90,104,9
90,105,11
90,107,20
90,108,5
90,112,7
90,113,5
90,115,18
90,118,10
90,119,6
90,120,13
90,123,4
90,124,14
90,125,19
90,130,16
90,131,7
90,133,10
90,135,5
90,137,3
90,139,19
90,141,3
90,143,6
90,144,20
90,145,8
90,146,6
90,147,13
90,149,3
90,152,2
90,155,8
90,156,2
90,157,9
90,158,7
90,159,6
90,160,2
90,161,14
90,162,5
90,163,10
90,164,4
90,167,2
90,171,5
90,172,14
90,173,16
90,175,10
90,176,5
90,179,19
90,180,17
90,181,20
90,182,16
90,183,20
90,184,20
90,186,13
90,188,10
90,189,11
90,191,12
90,195,20
90,197,7
90,198,8
91,92,9
91,93,6
91,94,1
91,97,11
91,98,6
91,99,14
91,101,5
91,103,18
91,107,13
91,108,19
91,109,4
91,111,19
91,114,7
91,116,19
91,123,5
91,125,11
91,126,20
91,128,9
91,129,8
91,131,20
91,132,14
91,133,5
91,135,11
91,136,7
91,137,7
91,138,4
91,140,3
91,143,11
91,145,5
91,146,17
91,147,8
91,148,11
91,149,20
91,151,8
91,153,12
91,155,1
91,159,16
91,160,3
91,163,3
91,164,12
91,167,15
91,169,8
91,171,5
91,172,11
91,173,11
91,174,9
91,176,20
91,177,1
91,179,8
91,182,18
91,183,6
91,184,17
91,186,20
91,187,6
91,189,13
91,191,20
91,192,15
91,193,17
91,195,2
91,196,20
91,197,19
91,198,20
91,199,8
92,93,13
92,95,10
92,98,19
92,100,3
92,102,10
92,103,10
92,104,17
92,105,17
92,109,16
92,110,9
92,112,15
92,115,7
92,116,7
92,117,18
92,118,14
92,121,6
92,122,18
92,125,7
92,127,11
92,128,5
92,129,16
92,130,7
92,132,4
92,134,4
92,135,17
92,137,13
92,140,8
92,141,20
92,142,20
92,144,7
92,145,10
92,147,15
92,148,17
92,150,9
92,152,14
92,153,9
92,157,11
92,158,14
92,159,7
92,160,16
92,161,5
92,162,17
92,166,6
92,169,16
92,170,18
92,172,17
92,173,19
92,176,20
92,177,4
92,178,13
92,179,5
92,180,16
92,181,14
92,182,10
92,183,6
92,184,5
92,188,11
92,189,4
92,190,8
92,192,9
92,193,2
92,196,7
92,198,7
92,199,3
93,95,16
93,98,8
93,103,15
93,104,15
93,105,3
93,106,7
93,107,8
93,108,16
93,109,15
93,110,6
93,111,15
93,114,15
93,116,1
93,118,2
93,119,14
93,124,12
93,125,7
93,126,13
93,127,10
93,128,19
93,129,6
93,130,9
93,132,15
93,138,4
93,139,7
93,141,1
93,144,3
93,146,3
93,147,1
93,148,6
93,149,19
93,150,13
93,151,12
93,154,18
93,160,4
93,161,2
93,162,10
93,163,16
93,165,16
93,167,3
93,168,5
93,169,15
93,171,17
93,172,8
93,174,12
93,176,19
93,177,13
93,178,10
93,182,18
93,185,14
93,186,10
93,188,20
93,193,7
93,195,18
93,196,8
93,198,12
93,199,11
94,96,1
94,97,17
94,99,8
94,100,19
94,101,7
94,103,12
94,106,9
94,107,17
94,108,13
94,110,17
94,111,16
94,112,20
94,114,16
94,115,19
94,116,19
94,118,8
94,119,3
94,121,18
94,124,12
94,125,1
94,126,1
94,128,16
94,129,12
94,130,3
94,132,10
94,133,15
94,135,12
94,136,19
94,138,10
94,141,2
94,142,17
94,143,11
94,144,2
94,145,7
94,146,4
94,149,3
94,150,2
94,151,8
94,153,12
94,155,3
94,159,13
94,163,16
94,165,2
94,166,6
94,167,13
94,168,10
94,169,20
94,170,7
94,171,17
94,172,11
94,173,19
94,175,16
94,176,12
94,177,19
94,180,18
94,187,14
94,189,4
94,190,19
94,192,8
94,195,17
94,196,12
94,197,20
94,198,2
94,199,11
95,96,15
95,97,15
95,98,10
95,99,5
95,100,20
95,105,16
95,106,16
95,107,15
95,109,10
95,110,3
95,113,5
95,114,20
95,115,20
95,116,17
95,117,15
95,118,16
95,119,18
95,122,17
95,123,12
95,125,17
95,126,4
95,127,20
95,128,17
95,129,6
95,130,14
95,132,3
95,133,1
95,136,5
95,137,7
95,138,2
95,139,5
95,141,13
95,142,19
95,143,13
95,145,8
95,146,9
95,147,8
95,148,16
95,150,11
95,153,12
95,154,3
95,155,16
95,157,19
95,158,13
95,160,9
95,161,13
95,162,10
95,163,16
95,165,9
95,166,18
95,167,14
95,168,15
95,172,5
95,175,14
95,176,8
95,180,1
95,182,2
95,183,12
95,185,10
95,186,5
95,187,3
95,188,2
95,189,19
95,191,4
95,192,2
95,193,10
95,195,6
95,196,2
95,197,16
95,198,6
96,98,6
96,99,4
96,100,19
96,101,7
96,102,18
96,105,3
96,108,16
96,109,11
96,111,11
96,112,18
96,115,18
96,116,2
96,117,19
96,119,6
96,120,15
96,122,2
96,124,20
96,127,19
96,128,8
96,131,17
96,132,14
96,134,16
96,136,3
96,137,19
96,139,3
96,140,11
96,142,18
96,144,19
96,146,6
96,148,20
96,154,17
96,158,15
96,159,14
96,160,11
96,161,10
96,162,7
96,163,20
96,164,13
96,165,13
96,166,10
96,167,15
96,168,20
96,169,4
96,170,2
96,172,10
96,175,15
96,176,1
96,177,10
96,179,10
96,181,9
96,182,11
96,184,17
96,185,16
96,187,4
96,188,3
96,191,7
96,192,1
96,198,1
96,199,14
97,98,2
97,99,20
97,102,16
97,104,9
97,105,4
97,107,20
97,108,11
97,109,2
97,110,8
97,111,20
97,112,16
97,113,9
97,115,4
97,119,17
97,123,18
97,124,11
97,125,1
97,126,11
97,127,19
97,128,14
97,129,15
97,130,13
97,131,20
97,133,8
97,134,20
97,135,17
97,136,10
97,137,11
97,138,20
97,139,6
97,140,16
97,142,8
97,144,15
97,145,19
97,146,10
97,147,14
97,148,2
97,150,2
97,151,2
97,154,5
97,157,1
97,159,8
97,161,12
97,162,12
97,163,13
97,164,14
97,167,18
97,168,20
97,171,12
97,175,8
97,176,20
97,180,7
97,182,1
97,183,4
97,184,8
97,185,15
97,186,11
97,189,14
97,192,18
97,194,7
97,195,13
97,196,2
97,197,8
97,198,5
98,99,20
98,104,14
98,105,5
98,108,2
98,110,12
98,111,12
98,112,15
98,113,11
98,115,18
98,118,14
98,124,17
98,125,18
98,126,15
98,127,13
98,128,15
98,129,4
98,130,4
98,132,14
98,134,12
98,135,13
98,139,4
98,141,7
98,142,17
98,143,2
98,144,2
98,145,18
98,146,9
98,148,20
98,149,3
98,150,14
98,151,5
98,152,8
98,153,19
98,154,7
98,155,7
98,157,5
98,159,5
98,160,3
98,161,2
98,163,9
98,167,12
98,171,4
98,172,6
98,176,18
98,177,5
98,178,15
98,179,15
98,181,15
98,183,11
98,184,3
98,185,5
98,186,20
98,187,15
98,188,11
98,189,16
98,190,5
98,191,19
98,192,19
98,194,18
98,195,11
98,196,1
98,198,13
98,199,3
99,101,11
99,102,12
99,103,11
99,104,19
99,105,20
99,106,2
99,109,13
99,110,15
99,113,1
99,114,20
99,115,13
99,119,10
99,120,15
99,123,17
99,124,12
99,125,12
99,128,11
99,129,5
99,130,11
99,131,7
99,132,5
99,134,18
99,136,20
99,138,9
99,139,11
99,142,10
99,144,10
99,145,9
99,147,1
99,149,20
99,150,1
99,151,14
99,153,12
99,155,9
99,156,6
99,157,1
99,158,13
99,160,11
99,162,10
99,163,15
99,165,19
99,170,7
99,171,6
99,172,16
99,173,20
99,174,14
99,175,3
99,177,15
99,178,14
99,181,19
99,182,15
99,183,10
99,184,2
99,187,11
99,188,10
99,189,10
99,191,13
99,193,8
99,195,10
99,198,10
100,101,2
100,102,16
100,103,15
100,105,14
100,107,8
100,108,8
100,112,18
100,113,17
100,114,11
100,117,8
100,118,8
100,119,17
100,121,1
100,122,11
100,125,17
100,126,8
100,128,9
100,130,10
100,131,13
100,132,18
100,133,4
100,134,2
100,136,1
100,137,12
100,138,1
100,141,10
100,142,15
100,144,6
100,145,18
100,147,3
100,149,7
100,150,15
100,151,1
100,153,7
100,155,4
100,158,16
100,159,1
100,160,6
100,161,8
100,162,9
100,163,4
100,167,7
100,168,2
100,169,6
100,170,10
100,172,11
100,178,12
100,179,12
100,180,11
100,181,8
100,182,14
100,184,11
100,186,14
100,190,7
100,191,11
100,192,11
100,193,1
100,194,11
100,196,10
100,197,16
100,198,15
100,199,6
101,103,15
101,104,8
101,106,2
101,107,18
101,111,9
101,112,12
101,117,18
101,120,8
101,122,2
101,123,1
101,124,16
101,126,17
101,128,13
101,129,2
101,130,1
101,131,16
101,132,6
101,133,1
101,136,4
101,137,19
101,140,14
101,142,10
101,143,6
101,144,7
101,145,6
101,146,14
101,147,7
101,148,18
101,150,20
101,152,19
101,154,16
101,157,16
101,158,19
101,161,9
101,162,15
101,163,14
101,166,13
101,168,3
101,169,17
101,171,19
101,172,20
101,174,13
101,175,9
101,177,6
101,178,11
101,182,18
101,184,14
101,185,16
101,186,4
101,189,8
101,190,17
101,191,7
101,192,11
101,193,16
101,194,9
101,195,5
101,197,1
101,199,7
102,103,10
102,105,1
102,107,20
102,108,9
102,110,19
102,111,13
102,112,6
102,113,11
102,115,5
102,116,16
102,118,15
102,119,14
102,120,18
102,122,2
102,123,18
102,124,1
102,125,20
102,128,12
102,129,20
102,132,13
102,136,16
102,137,3
102,138,3
102,141,11
102,143,2
102,145,3
102,147,10
102,148,11
102,150,6
102,151,20
102,152,6
102,153,6
102,154,15
102,155,7
102,156,19
102,157,11
102,160,6
102,162,3
102,163,15
102,165,14
102,166,10
102,172,19
102,173,16
102,174,20
102,178,11
102,183,13
102,185,19
102,186,15
102,188,20
102,189,9
102,190,8
102,192,15
102,193,2
102,194,18
102,195,15
102,196,11
103,104,13
103,105,18
103,106,9
103,107,9
103,109,11
103,110,18
103,111,8
103,112,18
103,113,18
103,114,5
103,115,3
103,116,3
103,118,10
103,119,15
103,120,3
103,122,18
103,123,18
103,124,20
103,125,12
103,126,5
103,130,12
103,133,19
103,134,13
103,136,1
103,137,11
103,138,11
103,139,15
103,140,20
103,141,16
103,144,13
103,145,5
103,147,17
103,148,16
103,150,2
103,155,12
103,156,12
103,159,2
103,161,18
103,164,15
103,167,10
103,168,8
103,169,7
103,173,18
103,176,10
103,177,3
103,179,19
103,183,11
103,184,14
103,185,9
103,186,8
103,188,14
103,189,3
103,191,11
103,192,5
103,194,19
103,196,13
103,197,8
103,199,17
104,105,3
104,106,7
104,109,19
104,111,19
104,114,17
104,115,2
104,116,11
104,117,17
104,118,13
104,119,13
104,122,15
104,124,17
104,125,14
104,126,5
104,129,6
104,130,14
104,132,1
104,133,2
104,136,5
104,137,8
104,138,18
104,141,3
104,142,1
104,144,17
104,145,20
104,146,7
104,150,9
104,151,3
104,152,2
104,153,7
104,154,5
104,155,1
104,158,2
104,159,7
104,160,1
104,163,13
104,165,3
104,166,14
104,169,4
104,170,2
104,173,10
104,174,8
104,176,2
104,179,2
104,180,1
104,181,10
104,182,17
104,184,13
104,185,14
104,186,7
104,188,8
104,189,20
104,191,20
104,192,14
104,195,7
104,198,10
104,199,13
105,107,2
105,108,12
105,110,14
105,111,1
105,112,18
105,113,14
105,114,9
105,116,7
105,117,18
105,118,17
105,119,9
105,120,9
105,121,5
105,123,4
105,129,19
105,130,11
105,132,14
105,133,6
105,134,20
105,136,18
105,138,3
105,139,18
105,140,2
105,141,3
105,142,19
105,143,16
105,144,19
105,145,17
105,146,3
105,148,20
105,150,13
105,151,15
105,152,16
105,155,5
105,156,7
105,157,4
105,158,11
105,160,13
105,162,10
105,164,17
105,166,12
105,167,3
105,168,19
105,171,3
105,173,1
105,174,2
105,175,8
105,177,15
105,178,18
105,180,5
105,181,9
105,182,16
105,184,19
105,186,18
105,187,7
105,188,1
105,189,17
105,190,15
105,191,9
105,192,12
105,193,8
105,194,19
105,195,2
105,197,5
105,198,18
105,199,18
106,107,15
106,108,7
106,109,2
106,110,6
106,111,17
106,112,11
106,115,7
106,116,10
106,117,10
106,118,15
106,119,7
106,120,19
106,121,5
106,122,10
106,124,14
106,125,2
106,126,8
106,127,1
106,128,15
106,129,1
106,133,6
106,134,19
106,136,8
106,137,14
106,138,7
106,139,14
106,140,3
106,141,13
106,142,1
106,143,10
106,144,2
106,145,2
106,149,6
106,150,1
106,151,8
106,155,18
106,157,19
106,159,9
106,160,1
106,162,9
106,164,6
106,165,14
106,166,7
106,168,2
106,169,17
106,170,2
106,172,13
106,174,20
106,177,11
106,179,13
106,180,15
106,181,18
106,182,9
106,185,20
106,187,17
106,188,20
106,189,18
106,190,15
106,196,12
106,198,9
106,199,16
107,108,2
107,109,2
107,111,4
107,113,1
107,114,18
107,116,9
107,117,12
107,118,5
107,119,9
107,121,16
107,123,20
107,124,18
107,125,18
107,129,20
107,130,16
107,132,2
107,136,19
107,137,19
107,138,17
107,139,19
107,140,3
107,142,4
107,143,4
107,144,6
107,145,4
107,146,6
107,147,17
107,150,4
107,151,10
107,153,2
107,154,20
107,155,11
107,157,6
107,158,16
107,161,8
107,162,2
107,163,20
107,164,6
107,165,14
107,167,14
107,170,2
107,171,15
107,172,1
107,174,3
107,176,3
107,177,15
107,180,12
107,182,13
107,184,13
107,186,7
107,190,12
107,192,2
107,193,11
107,195,8
107,196,15
107,199,1
108,109,3
108,110,4
108,111,10
108,116,4
108,117,18
108,118,15
108,119,4
108,120,9
108,121,13
108,122,13
108,123,11
108,124,8
108,125,13
108,126,6
108,129,12
108,132,9
108,135,5
108,138,17
108,139,20
108,140,6
108,141,8
108,145,1
108,146,11
108,147,14
108,149,2
108,152,5
108,153,2
108,154,16
108,156,2
108,158,12
108,159,19
108,161,20
108,162,5
108,164,20
108,167,7
108,168,14
108,170,16
108,171,7
108,172,3
108,173,10
108,174,20
108,175,7
108,178,4
108,182,12
108,183,12
108,185,2
108,186,6
108,187,7
108,188,11
108,189,4
108,191,1
108,193,19
108,194,1
108,195,6
108,196,2
108,197,1
109,110,3
109,112,14
109,114,9
109,117,5
109,118,4
109,119,10
109,121,9
109,122,10
109,123,18
109,124,4
109,127,7
109,128,18
109,132,4
109,133,8
109,134,16
109,135,1
109,136,7
109,137,11
109,138,1
109,139,17
109,140,10
109,141,15
109,143,8
109,147,20
109,154,3
109,155,3
109,156,1
109,157,14
109,160,16
109,162,3
109,163,18
109,166,9
109,167,13
109,168,9
109,173,16
109,174,7
109,176,11
109,177,5
109,178,10
109,179,14
109,180,10
109,181,6
109,182,11
109,183,3
109,184,6
109,185,10
109,186,12
109,188,19
109,189,19
109,190,3
109,194,9
109,197,4
109,198,11
110,111,17
110,112,8
110,113,2
110,115,19
110,116,17
110,117,2
110,118,11
110,120,18
110,121,6
110,122,11
110,124,16
110,125,20
110,127,5
110,128,17
110,132,16
110,133,15
110,134,1
110,135,8
110,137,9
110,138,13
110,139,3
110,140,7
110,142,10
110,143,11
110,145,16
110,146,11
110,150,7
110,151,11
110,154,16
110,155,17
110,157,18
110,158,1
110,159,11
110,162,10
110,165,14
110,168,14
110,169,9
110,170,2
110,171,1
110,172,19
110,173,11
110,175,15
110,176,14
110,178,18
110,182,16
110,183,18
110,185,9
110,187,19
110,188,2
110,189,2
110,190,14
110,191,10
110,194,15
110,195,18
110,197,12
110,198,13
111,112,4
111,113,13
111,114,1
111,117,12
111,120,5
111,122,10
111,126,6
111,127,19
111,129,4
111,131,12
111,133,20
111,138,5
111,140,20
111,141,12
111,143,12
111,145,17
111,146,3
111,150,2
111,151,11
111,152,15
111,154,15
111,155,20
111,156,6
111,157,12
111,161,18
111,163,8
111,165,7
111,166,8
111,168,2
111,170,1
111,171,7
111,172,18
111,173,4
111,174,4
111,175,6
111,176,8
111,183,3
111,187,17
111,188,16
111,190,5
111,191,20
111,195,3
111,196,4
111,199,3
112,113,12
112,114,6
112,115,19
112,116,1
112,117,15
112,119,12
112,120,11
112,122,14
112,124,5
112,126,4
112,127,7
112,130,16
112,131,15
112,134,1
112,137,13
112,139,9
112,141,12
112,143,8
112,144,11
112,145,8
112,146,10
112,147,12
112,151,8
112,152,7
112,155,12
112,158,18
112,159,17
112,160,5
112,161,10
112,165,9
112,166,2
112,167,14
112,168,16
112,170,16
112,171,19
112,173,12
112,174,3
112,176,15
112,179,3
112,181,17
112,182,15
112,184,17
112,185,4
112,186,3
112,187,18
112,188,14
112,189,1
112,191,20
112,192,16
112,193,5
112,194,12
112,195,19
112,196,1
112,197,13
113,117,3
113,120,6
113,121,6
113,123,6
113,124,18
113,125,4
113,126,3
113,129,1
113,134,7
113,136,6
113,138,18
113,139,11
113,140,9
113,141,6
113,142,14
113,144,5
113,145,15
113,149,1
113,150,19
113,152,10
113,153,9
113,154,8
113,155,3
113,157,15
113,158,11
113,159,3
113,161,16
113,162,16
113,166,1
113,169,12
113,170,17
113,171,4
113,172,8
113,173,13
113,175,14
113,176,3
113,177,1
113,179,20
113,180,5
113,181,20
113,182,12
113,183,15
113,186,18
113,189,12
113,190,8
113,192,10
113,193,8
113,196,6
113,198,8
114,115,9
114,116,15
114,117,8
114,118,4
114,119,6
114,120,10
114,121,3
114,122,14
114,123,20
114,124,14
114,125,1
114,127,16
114,128,11
114,129,13
114,131,7
114,132,6
114,133,3
114,135,2
114,136,19
114,137,20
114,138,14
114,140,3
114,145,17
114,147,17
114,148,12
114,149,2
114,150,12
114,153,10
114,154,14
114,155,16
114,156,11
114,158,2
114,159,9
114,161,2
114,162,3
114,167,14
114,169,7
114,170,13
114,171,6
114,172,6
114,174,10
114,176,15
114,177,11
114,178,11
114,179,4
114,180,2
114,181,18
114,182,11
114,184,12
114,185,3
114,186,11
114,187,19
114,188,15
114,193,10
114,194,19
114,196,19
114,197,6
114,198,4
115,116,13
115,117,12
115,118,6
115,123,12
115,124,6
115,125,13
115,126,2
115,127,16
115,128,8
115,130,1
115,131,14
115,132,10
115,134,9
115,135,11
115,136,16
115,143,16
115,144,14
115,145,14
115,147,6
115,149,19
115,153,1
115,154,10
115,155,3
115,159,2
115,160,9
115,162,20
115,163,9
115,165,5
115,167,3
115,171,17
115,172,13
115,173,9
115,175,19
115,177,2
115,178,16
115,179,3
115,180,11
115,181,7
115,182,19
115,185,9
115,190,1
115,191,3
115,192,7
115,193,12
115,194,15
116,117,2
116,119,6
116,120,13
116,121,13
116,124,15
116,126,3
116,129,17
116,130,6
116,133,15
116,138,3
116,141,15
116,144,14
116,146,9
116,147,16
116,148,17
116,150,10
116,151,3
116,155,11
116,156,8
116,157,15
116,158,8
116,159,15
116,162,1
116,163,13
116,164,17
116,165,5
116,166,15
116,167,14
116,168,6
116,169,15
116,172,18
116,173,18
116,174,10
116,175,18
116,177,17
116,178,19
116,179,11
116,180,18
116,182,11
116,183,11
116,184,15
116,185,13
116,193,12
116,194,3
116,195,6
116,197,3
116,198,7
116,199,20
117,118,2
117,120,5
117,123,20
117,124,15
117,128,20
117,130,1
117,132,17
117,133,13
117,136,5
117,137,17
117,140,20
117,143,8
117,145,19
117,148,4
117,149,15
117,150,15
117,151,6
117,155,12
117,156,15
117,158,1
117,159,8
117,160,2
117,161,8
117,162,11
117,163,8
117,164,20
117,165,14
117,166,19
117,167,12
117,172,2
117,174,8
117,176,2
117,177,16
117,178,10
117,179,5
117,180,14
117,182,15
117,184,19
117,186,7
117,189,1
117,191,16
117,192,9
117,193,7
118,119,9
118,121,9
118,123,11
118,125,11
118,128,4
118,129,14
118,131,19
118,132,6
118,133,6
118,134,14
118,135,16
118,136,12
118,138,3
118,140,18
118,142,15
118,143,4
118,144,20
118,146,15
118,147,1
118,151,13
118,153,6
118,154,8
118,155,1
118,156,18
118,159,13
118,161,12
118,162,9
118,164,17
118,166,13
118,167,10
118,170,12
118,171,16
118,172,7
118,174,19
118,178,13
118,180,1
118,181,1
118,182,4
118,183,14
118,184,13
118,186,5
118,187,5
118,188,3
118,190,4
118,191,14
118,192,12
118,193,2
118,194,4
118,196,15
118,197,7
118,198,12
118,199,6
119,120,5
119,121,7
119,122,2
119,123,15
119,124,12
119,125,10
119,127,4
119,130,4
119,132,17
119,133,20
119,134,11
119,135,6
119,136,1
119,137,2
119,138,20
119,139,7
119,141,8
119,142,1
119,145,5
119,146,15
119,148,16
119,149,7
119,150,6
119,151,12
119,152,10
119,153,1
119,155,5
119,158,18
119,159,5
119,160,20
119,161,3
119,162,16
119,165,6
119,166,6
119,167,11
119,169,17
119,172,9
119,174,6
119,175,14
119,180,9
119,184,6
119,185,10
119,186,16
119,187,14
119,189,14
119,191,8
119,193,13
119,195,9
119,196,8
119,197,7
119,199,12
120,125,3
120,127,4
120,129,8
120,130,7
120,132,12
120,134,19
120,138,17
120,142,14
120,144,17
120,145,16
120,146,5
120,148,13
120,149,7
120,150,5
120,152,12
120,155,4
120,156,1
120,157,5
120,158,5
120,160,12
120,161,14
120,162,19
120,164,20
120,165,17
120,166,5
120,167,9
120,169,5
120,171,9
120,172,8
120,173,19
120,175,1
120,177,4
120,178,3
120,180,19
120,182,6
120,183,6
120,184,2
120,186,4
120,189,15
120,191,6
120,192,7
120,193,11
120,194,5
120,196,2
120,197,13
121,122,13
121,125,8
121,126,6
121,127,3
121,128,4
121,130,4
121,132,14
121,133,20
121,134,15
121,135,13
121,136,17
121,138,3
121,140,18
121,141,8
121,142,17
121,143,5
121,144,18
121,145,14
121,148,2
121,151,16
121,153,6
121,154,19
121,155,8
121,156,7
121,158,2
121,159,15
121,161,12
121,162,9
121,166,11
121,167,4
121,169,11
121,171,4
121,173,20
121,175,19
121,178,8
121,181,8
121,183,2
121,184,1
121,185,5
121,186,13
121,188,13
121,189,9
121,191,6
121,192,12
121,194,12
121,197,2
121,198,19
121,199,18
122,123,16
122,124,6
122,125,12
122,126,9
122,127,1
122,128,8
122,129,8
122,130,1
122,131,1
122,132,17
122,134,7
122,135,20
122,136,18
122,137,14
122,138,11
122,139,1
122,141,1
122,142,6
122,143,14
122,144,5
122,146,3
122,147,17
122,148,12
122,149,2
122,150,6
122,151,12
122,152,2
122,157,14
122,159,16
122,160,15
122,161,8
122,162,5
122,163,16
122,165,2
122,166,18
122,167,1
122,168,13
122,169,9
122,170,8
122,172,1
122,173,20
122,174,10
122,175,14
122,176,15
122,178,5
122,179,20
122,180,9
122,182,18
122,183,5
122,184,7
122,185,4
122,187,19
122,189,18
122,191,11
122,193,5
122,194,2
122,197,6
122,199,4
123,124,11
123,126,8
123,128,19
123,129,15
123,130,3
123,131,20
123,135,19
123,136,14
123,138,16
123,139,3
123,140,4
123,141,15
123,142,12
123,143,8
123,144,11
123,145,14
123,146,4
123,147,16
123,148,7
123,149,1
123,151,16
123,152,16
123,153,8
123,155,16
123,158,16
123,159,16
123,160,7
123,164,11
123,166,4
123,167,16
123,170,14
123,171,15
123,172,12
123,173,1
123,175,4
123,180,8
123,181,8
123,182,20
123,183,1
123,184,18
123,185,17
123,186,5
123,187,6
123,188,18
123,189,18
123,191,18
123,193,20
123,195,6
123,196,19
123,197,5
123,198,13
124,126,8
124,128,7
124,129,16
124,131,3
124,132,17
124,134,7
124,135,5
124,136,20
124,137,7
124,140,16
124,141,18
124,142,10
124,145,4
124,146,16
124,147,19
124,148,18
124,149,15
124,150,3
124,151,10
124,153,20
124,154,10
124,155,9
124,156,12
124,157,15
124,159,8
124,160,14
124,161,13
124,163,8
124,164,5
124,165,6
124,167,18
124,168,19
124,169,8
124,171,8
124,173,19
124,175,1
124,177,19
124,178,12
124,179,7
124,181,6
124,184,18
124,187,16
124,189,14
124,190,20
124,191,19
124,192,9
124,193,15
124,194,13
124,195,4
124,196,2
124,197,13
124,198,17
125,127,17
125,128,19
125,129,4
125,130,2
125,133,14
125,134,10
125,135,14
125,137,10
125,139,11
125,142,13
125,143,17
125,144,2
125,148,17
125,149,1
125,150,10
125,151,1
125,152,15
125,153,4
125,155,7
125,156,3
125,158,17
125,159,14
125,160,1
125,161,9
125,162,2
125,163,18
125,164,20
125,165,16
125,167,9
125,169,14
125,172,19
125,173,4
125,176,13
125,177,12
125,178,3
125,179,7
125,180,19
125,181,12
125,182,15
125,183,15
125,184,3
125,187,14
125,193,10
126,127,1
126,128,13
126,133,20
126,139,3
126,140,14
126,141,11
126,144,5
126,145,1
126,146,9
126,148,10
126,149,12
126,150,5
126,151,5
126,154,13
126,156,19
126,158,5
126,159,19
126,160,15
126,162,17
126,163,14
126,164,17
126,165,6
126,167,7
126,168,11
126,169,9
126,171,3
126,173,13
126,175,7
126,177,3
126,178,5
126,180,3
126,186,10
126,187,6
126,188,6
126,189,17
126,190,19
126,191,2
126,192,1
126,194,14
126,195,1
126,196,16
126,197,4
126,198,14
126,199,2
127,128,3
127,129,13
127,130,15
127,131,8
127,132,13
127,133,16
127,134,14
127,136,18
127,137,9
127,140,14
127,144,11
127,146,13
127,147,16
127,150,19
127,151,11
127,152,18
127,153,5
127,156,11
127,158,4
127,159,5
127,161,11
127,162,12
127,163,15
127,164,8
127,166,1
127,167,6
127,168,16
127,169,8
127,172,16
127,173,17
127,174,15
127,175,1
127,177,20
127,178,18
127,181,6
127,183,5
127,184,12
127,185,18
127,187,18
127,191,7
127,192,12
127,194,11
127,195,11
127,196,14
127,198,8
128,129,4
128,130,9
128,131,8
128,133,12
128,134,17
128,138,3
128,139,17
128,140,14
128,142,12
128,145,10
128,147,18
128,148,2
128,149,1
128,150,3
128,151,1
128,154,13
128,155,14
128,157,10
128,158,10
128,160,8
128,162,3
128,163,5
128,167,11
128,168,15
128,170,14
128,171,4
128,173,5
128,174,11
128,175,10
128,176,16
128,181,10
128,185,6
128,186,6
128,189,18
128,191,2
128,193,14
128,194,20
128,195,4
128,197,17
128,198,16
129,133,18
129,134,9
129,135,17
129,137,15
129,138,16
129,139,8
129,140,19
129,141,3
129,142,19
129,144,17
129,145,16
129,146,8
129,147,6
129,150,5
129,151,8
129,154,18
129,157,12
129,159,2
129,162,12
129,163,1
129,164,7
129,165,7
129,166,11
129,167,1
129,169,8
129,172,15
129,174,12
129,175,13
129,177,9
129,180,18
129,181,18
129,183,5
129,184,20
129,185,9
129,186,13
129,188,9
129,189,15
129,192,11
129,194,3
129,196,4
129,197,3
129,198,20
130,131,5
130,132,9
130,135,20
130,136,17
130,139,14
130,141,12
130,142,13
130,143,16
130,145,14
130,146,15
130,148,11
130,149,17
130,150,13
130,151,4
130,152,11
130,153,19
130,154,11
130,156,14
130,157,10
130,158,13
130,159,7
130,160,13
130,163,6
130,164,15
130,165,8
130,166,19
130,167,17
130,168,12
130,170,20
130,173,12
130,174,19
130,175,17
130,176,6
130,178,20
130,180,1
130,181,15
130,182,7
130,185,8
130,186,17
130,187,3
130,189,10
130,190,3
130,191,1
130,193,3
130,195,6
130,197,2
130,198,17
130,199,8
131,132,7
131,135,20
131,136,17
131,137,19
131,138,8
131,139,7
131,140,4
131,141,17
131,143,4
131,145,16
131,146,10
131,148,9
131,149,11
131,150,9
131,151,6
131,152,7
131,153,18
131,154,9
131,155,13
131,156,13
131,157,16
131,158,4
131,159,20
131,160,6
131,161,16
131,162,3
131,168,17
131,169,6
131,170,17
131,172,13
131,173,14
131,176,15
131,178,17
131,181,16
131,182,1
131,184,4
131,186,3
131,187,20
131,188,1
131,191,14
131,196,4
131,197,12
131,198,20
132,133,1
132,134,10
132,135,13
132,136,11
132,137,18
132,139,4
132,140,4
132,141,3
132,142,19
132,146,14
132,147,14
132,148,14
132,150,3
132,151,15
132,152,16
132,154,9
132,156,6
132,158,12
132,159,10
132,160,15
132,161,18
132,162,1
132,166,20
132,167,8
132,168,6
132,169,2
132,170,20
132,171,8
132,172,15
132,173,5
132,175,12
132,176,17
132,180,7
132,181,9
132,182,4
132,183,14
132,184,2
132,186,12
132,187,8
132,188,1
132,189,17
132,190,12
132,192,19
132,194,1
132,195,17
132,196,14
132,197,3
133,134,2
133,136,8
133,138,15
133,140,20
133,141,19
133,142,6
133,143,12
133,145,20
133,147,8
133,152,10
133,154,14
133,156,1
133,157,11
133,158,8
133,160,12
133,161,6
133,162,20
133,163,19
133,164,12
133,166,8
133,171,7
133,172,12
133,173,18
133,174,14
133,177,4
133,179,14
133,180,14
133,181,5
133,183,6
133,184,17
133,186,3
133,187,10
133,188,16
133,189,8
133,190,11
133,191,15
133,192,16
133,193,13
133,194,3
133,195,16
133,199,20
134,136,8
134,137,7
134,139,11
134,140,2
134,143,14
134,145,12
134,146,2
134,148,11
134,151,17
134,153,3
134,154,6
134,156,13
134,157,14
134,161,5
134,164,20
134,166,7
134,167,19
134,170,19
134,171,2
134,172,12
134,173,6
134,175,8
134,177,4
134,178,18
134,180,7
134,182,20
134,183,14
134,185,12
134,186,6
134,187,13
134,188,7
134,192,15
134,193,9
134,194,8
134,195,5
134,196,2
134,198,10
134,199,10
135,136,10
135,138,8
135,139,14
135,140,7
135,141,4
135,144,10
135,145,11
135,146,9
135,147,8
135,149,9
135,150,12
135,153,7
135,154,16
135,155,2
135,156,11
135,159,19
135,160,11
135,161,11
135,163,1
135,164,2
135,168,2
135,171,1
135,172,20
135,173,7
135,175,11
135,177,13
135,181,19
135,182,7
135,183,20
135,187,9
135,188,17
135,189,12
135,190,7
135,192,9
135,193,6
135,194,12
135,195,16
135,196,5
135,197,3
135,198,19
135,199,2
136,138,8
136,140,13
136,141,1
136,143,18
136,144,13
136,145,1
136,146,10
136,148,12
136,149,10
136,151,1
136,152,5
136,153,2
136,155,5
136,157,10
136,158,15
136,160,13
136,162,3
136,163,2
136,164,10
136,165,4
136,167,19
136,169,11
136,170,6
136,172,15
136,173,1
136,175,9
136,176,17
136,178,10
136,183,15
136,185,1
136,187,2
136,188,17
136,189,20
136,190,6
136,191,2
136,192,7
136,194,3
136,195,4
136,199,1
137,138,19
137,147,7
137,149,13
137,150,6
137,151,13
137,154,6
137,156,9
137,159,20
137,160,3
137,163,6
137,164,10
137,167,18
137,168,9
137,170,19
137,171,7
137,172,4
137,174,1
137,175,15
137,176,1
137,177,18
137,178,5
137,179,2
137,181,1
137,184,20
137,185,13
137,186,20
137,188,18
137,192,3
137,195,17
137,196,4
137,197,12
137,199,14
138,143,12
138,144,19
138,147,20
138,149,18
138,150,14
138,151,7
138,152,15
138,155,2
138,157,4
138,159,19
138,160,17
138,161,6
138,162,16
138,163,19
138,165,1
138,166,12
138,168,3
138,169,20
138,170,18
138,172,17
138,173,2
138,174,16
138,175,11
138,177,3
138,178,7
138,182,18
138,183,17
138,185,7
138,186,4
138,188,12
138,189,11
138,190,17
138,192,2
138,193,12
138,195,20
138,196,2
138,197,20
138,198,13
139,140,20
139,141,14
139,144,6
139,148,12
139,149,14
139,150,16
139,151,14
139,152,18
139,155,8
139,156,9
139,157,4
139,159,18
139,160,11
139,161,14
139,162,5
139,164,15
139,165,20
139,167,1
139,168,16
139,169,10
139,170,9
139,173,15
139,175,20
139,176,6
139,178,10
139,180,3
139,182,18
139,183,3
139,184,16
139,185,9
139,187,5
139,190,19
139,193,3
139,194,2
139,196,14
139,199,6
140,141,2
140,142,2
140,143,6
140,144,6
140,145,5
140,146,14
140,147,8
140,149,9
140,151,6
140,152,7
140,153,3
140,156,17
140,157,3
140,158,9
140,159,5
140,162,17
140,168,6
140,170,9
140,171,7
140,173,19
140,174,9
140,175,7
140,176,6
140,178,15
140,179,7
140,180,1
140,182,20
140,183,18
140,186,6
140,189,10
140,190,15
140,192,3
140,194,4
140,196,9
140,198,8
140,199,8
141,144,2
141,149,13
141,150,15
141,151,6
141,153,17
141,154,7
141,155,1
141,156,17
141,157,16
141,158,7
141,159,16
141,160,13
141,161,5
141,166,7
141,169,18
141,173,6
141,174,13
141,175,1
141,177,12
141,178,10
141,179,6
141,180,17
141,181,15
141,182,18
141,183,3
141,184,3
141,185,19
141,188,4
141,191,3
141,192,2
141,194,18
141,195,1
141,198,17
141,199,5
142,143,16
142,144,19
142,145,1
142,147,11
142,148,8
142,149,16
142,151,17
142,155,16
142,156,1
142,157,5
142,158,13
142,160,10
142,161,10
142,163,10
142,165,19
142,166,5
142,167,3
142,169,7
142,170,20
142,173,2
142,174,5
142,178,4
142,181,16
142,183,19
142,184,11
142,186,4
142,187,12
142,188,17
142,189,2
142,190,4
142,191,20
142,192,1
142,193,7
142,196,6
142,197,2
142,198,10
142,199,11
143,145,7
143,146,12
143,147,13
143,150,9
143,153,14
143,155,16
143,156,5
143,157,3
143,158,18
143,160,3
143,162,7
143,165,5
143,168,17
143,170,12
143,171,16
143,172,4
143,173,12
143,174,20
143,175,16
143,176,12
143,181,14
143,185,1
143,186,5
143,188,12
143,190,7
143,191,7
143,193,15
143,195,13
143,196,12
143,197,5
143,199,2
144,145,11
144,146,20
144,148,5
144,149,18
144,150,3
144,154,15
144,155,16
144,156,7
144,157,14
144,159,11
144,161,1
144,162,15
144,164,13
144,166,5
144,169,3
144,170,18
144,172,9
144,174,4
144,175,3
144,178,7
144,179,20
144,183,12
144,184,10
144,186,18
144,188,7
144,189,7
144,190,10
144,191,17
144,192,2
144,193,15
144,195,17
144,197,5
144,198,13
144,199,14
145,146,3
145,147,8
145,148,20
145,150,4
145,153,4
145,154,6
145,155,6
145,156,13
145,157,12
145,164,14
145,165,5
145,167,19
145,168,11
145,169,1
145,170,13
145,172,8
145,174,10
145,175,2
145,177,7
145,178,8
145,179,12
145,182,11
145,186,10
145,187,16
145,189,10
145,193,5
145,194,4
145,196,14
145,197,3
145,198,7
145,199,7
146,150,13
146,151,12
146,154,16
146,155,6
146,158,6
146,160,14
146,161,11
146,162,1
146,163,8
146,164,3
146,168,12
146,169,9
146,170,15
146,171,5
146,172,12
146,174,10
146,176,10
146,177,1
146,178,20
146,180,5
146,182,14
146,183,10
146,184,9
146,186,10
146,187,15
146,189,14
146,190,6
146,191,11
146,192,20
146,194,10
146,195,18
146,197,17
146,198,1
146,199,16
147,149,10
147,150,19
147,151,10
147,152,17
147,153,7
147,156,15
147,158,11
147,159,11
147,164,19
147,165,3
147,166,19
147,169,8
147,171,12
147,175,13
147,176,19
147,177,7
147,178,12
147,180,17
147,181,5
147,182,20
147,183,1
147,187,12
147,191,9
147,192,17
147,193,4
147,195,18
147,198,15
148,150,19
148,151,7
148,155,11
148,156,18
148,157,15
148,158,18
148,159,18
148,161,7
148,165,11
148,166,8
148,167,19
148,172,19
148,174,6
148,175,15
148,176,1
148,177,14
148,178,5
148,179,12
148,180,7
148,181,8
148,183,7
148,185,8
148,186,14
148,188,16
148,189,8
148,193,1
148,194,19
148,197,13
149,150,12
149,152,3
149,153,5
149,154,11
149,155,14
149,157,6
149,159,5
149,160,10
149,162,19
149,166,12
149,167,1
149,170,2
149,171,1
149,172,3
149,175,6
149,177,12
149,178,13
149,179,10
149,180,5
149,182,7
149,186,20
149,188,4
149,189,17
149,190,14
149,192,17
149,193,17
149,195,1
149,196,5
149,198,16
149,199,10
150,151,9
150,153,7
150,157,19
150,158,5
150,159,2
150,161,16
150,162,2
150,164,15
150,165,19
150,166,4
150,167,9
150,171,8
150,175,14
150,176,3
150,177,18
150,178,5
150,180,6
150,183,11
150,184,10
150,185,14
150,188,6
150,190,3
150,191,19
150,194,9
150,195,7
150,196,4
151,152,16
151,154,6
151,155,18
151,156,15
151,159,10
151,160,9
151,161,7
151,162,4
151,163,8
151,164,6
151,165,19
151,167,2
151,169,11
151,174,3
151,176,19
151,178,12
151,180,9
151,182,20
151,183,20
151,184,9
151,185,6
151,186,10
151,187,1
151,189,15
151,192,10
151,193,10
151,194,1
151,197,7
151,198,4
151,199,9
152,153,15
152,154,4
152,155,13
152,156,20
152,157,11
152,159,20
152,161,11
152,162,19
152,163,17
152,164,8
152,165,11
152,166,3
152,167,16
152,169,11
152,173,6
152,174,1
152,176,6
152,177,18
152,178,15
152,180,15
152,187,3
152,188,20
152,189,16
152,190,2
152,191,13
152,194,4
152,195,12
152,198,15
152,199,7
153,154,1
153,156,3
153,157,3
153,158,9
153,159,10
153,160,10
153,162,12
153,163,13
153,164,2
153,165,6
153,166,10
153,167,3
153,169,14
153,170,20
153,173,10
153,176,16
153,177,11
153,178,14
153,181,14
153,182,9
153,183,12
153,184,7
153,186,20
153,187,13
153,188,7
153,190,16
153,191,11
153,192,8
153,194,12
153,195,19
154,155,1
154,156,20
154,157,13
154,158,4
154,162,17
154,163,19
154,164,13
154,165,19
154,166,2
154,167,10
154,168,10
154,169,13
154,170,10
154,171,13
154,172,2
154,176,17
154,177,17
154,179,15
154,180,10
154,182,2
154,184,18
154,185,14
154,186,16
154,189,14
154,190,4
154,192,11
154,195,14
154,196,11
154,197,16
154,198,7
154,199,12
155,160,1
155,164,2
155,165,12
155,168,16
155,169,11
155,170,17
155,171,13
155,172,19
155,174,12
155,176,2
155,177,19
155,178,9
155,182,1
155,184,3
155,186,3
155,187,17
155,189,4
155,191,16
155,192,4
155,193,7
155,194,3
155,195,10
155,199,18
156,157,10
156,158,6
156,159,18
156,160,6
156,162,15
156,163,18
156,164,19
156,165,9
156,166,19
156,167,19
156,168,3
156,169,17
156,171,15
156,172,9
156,173,17
156,174,15
156,176,7
156,177,14
156,179,18
156,181,16
156,182,7
156,183,2
156,184,8
156,185,11
156,187,10
156,188,13
156,189,11
156,190,8
156,192,18
156,194,19
156,196,4
156,198,19
157,159,7
157,162,12
157,165,1
157,166,13
157,168,18
157,170,5
157,171,19
157,173,7
157,174,12
157,175,10
157,176,12
157,177,7
157,178,14
157,179,7
157,180,13
157,181,20
157,182,8
157,184,11
157,185,11
157,187,9
157,188,2
157,190,14
157,191,8
157,195,3
157,196,15
157,197,15
157,198,12
158,163,10
158,166,5
158,167,9
158,169,7
158,171,12
158,172,14
158,173,11
158,174,15
158,175,8
158,176,20
158,178,2
158,179,20
158,181,7
158,185,6
158,186,5
158,190,18
158,191,5
158,192,3
158,193,18
158,195,6
158,196,15
158,199,13
159,160,17
159,161,20
159,162,16
159,163,8
159,164,10
159,165,8
159,167,8
159,169,18
159,170,4
159,174,5
159,175,14
159,176,9
159,179,19
159,180,17
159,182,19
159,184,18
159,185,18
159,188,15
159,189,2
159,191,19
159,192,13
159,195,1
160,161,13
160,162,19
160,163,6
160,164,5
160,166,9
160,167,17
160,168,12
160,170,14
160,171,6
160,173,15
160,174,15
160,176,14
160,177,13
160,179,18
160,180,10
160,181,16
160,182,16
160,183,16
160,185,10
160,187,6
160,188,10
160,189,4
160,191,8
160,192,2
160,193,14
160,194,8
160,196,2
160,197,20
160,198,4
160,199,6
161,162,14
161,165,2
161,166,14
161,168,12
161,169,6
161,170,4
161,171,4
161,172,12
161,173,11
161,174,17
161,175,3
161,176,20
161,177,20
161,178,14
161,181,18
161,182,4
161,183,16
161,184,9
161,185,18
161,186,10
161,187,16
161,188,20
161,190,7
161,191,14
161,192,20
161,193,11
161,194,5
161,195,2
161,197,9
161,198,13
161,199,17
162,163,9
162,165,15
162,166,4
162,167,8
162,168,20
162,169,11
162,170,6
162,171,8
162,172,5
162,173,8
162,174,1
162,175,4
162,178,6
162,180,17
162,181,8
162,183,14
162,184,14
162,185,1
162,186,9
162,188,1
162,192,1
162,193,9
162,194,2
162,195,13
162,196,18
162,198,5
163,166,5
163,167,18
163,168,11
163,172,3
163,177,11
163,179,1
163,180,5
163,181,10
163,182,1
163,189,16
163,190,9
163,193,18
163,195,18
163,196,16
163,198,10
164,165,1
164,167,16
164,168,4
164,169,1
164,171,18
164,174,6
164,175,16
164,179,15
164,180,2
164,182,8
164,186,16
164,187,6
164,189,15
164,190,17
164,191,6
164,192,15
164,194,4
164,195,20
164,196,6
164,198,1
164,199,6
165,166,16
165,168,4
165,169,3
165,171,17
165,172,20
165,173,1
165,174,11
165,175,4
165,176,11
165,178,3
165,180,17
165,181,10
165,182,1
165,184,3
165,186,8
165,187,20
165,189,6
165,190,11
165,191,12
165,192,17
165,193,2
165,194,12
165,196,1
165,197,4
166,169,8
166,170,4
166,171,6
166,174,17
166,175,15
166,176,3
166,177,12
166,178,15
166,181,7
166,182,20
166,183,13
166,185,6
166,186,17
166,188,16
166,189,13
166,190,8
166,191,16
166,192,11
166,193,11
166,194,20
166,195,19
166,198,9
166,199,8
167,168,10
167,171,4
167,173,18
167,177,16
167,178,4
167,179,13
167,181,4
167,182,9
167,183,15
167,184,18
167,186,15
167,187,9
167,190,14
167,191,18
167,193,8
167,194,19
167,196,10
167,197,12
167,198,5
167,199,16
168,170,6
168,171,9
168,172,16
168,173,20
168,174,8
168,175,8
168,176,18
168,177,3
168,178,5
168,179,8
168,181,13
168,182,11
168,183,8
168,184,20
168,185,1
168,186,16
168,187,11
168,188,13
168,189,11
168,191,5
168,192,14
168,194,11
168,195,8
168,198,5
169,170,1
169,172,9
169,173,4
169,174,9
169,177,7
169,180,4
169,181,11
169,182,1
169,184,6
169,186,10
169,187,6
169,189,14
169,191,6
169,193,11
169,194,19
169,196,17
169,197,12
169,198,11
170,171,18
170,172,6
170,175,12
170,176,9
170,177,9
170,179,12
170,181,19
170,185,7
170,189,17
170,192,15
170,194,20
170,195,5
170,197,11
170,198,12
171,172,7
171,174,1
171,175,19
171,177,14
171,178,4
171,179,2
171,182,10
171,184,7
171,186,6
171,189,10
171,190,6
171,191,8
171,192,18
171,193,15
171,194,10
171,197,11
171,198,2
172,173,19
172,175,18
172,176,9
172,177,18
172,179,13
172,180,16
172,183,11
172,184,7
172,189,18
172,190,7
172,191,17
172,192,8
172,193,13
172,194,8
172,195,19
172,196,11
172,199,15
173,177,12
173,178,9
173,180,5
173,181,20
173,182,16
173,184,17
173,185,14
173,186,8
173,188,6
173,189,4
173,191,12
173,192,19
173,199,20
174,175,15
174,176,20
174,177,19
174,179,13
174,180,1
174,181,14
174,182,5
174,184,17
174,185,2
174,186,5
174,187,18
174,191,16
174,192,14
174,193,6
174,194,8
174,195,15
174,197,10
174,199,15
175,178,9
175,180,19
175,181,15
175,182,14
175,185,3
175,188,3
175,189,12
175,193,7
175,194,19
175,195,6
175,197,12
175,198,15
175,199,10
176,179,17
176,180,8
176,181,16
176,182,13
176,188,20
176,191,5
176,193,2
176,196,4
176,197,5
176,198,17
177,178,10
177,179,15
177,180,10
177,181,2
177,183,5
177,185,8
177,187,18
177,188,20
177,190,18
177,191,4
177,194,19
177,195,9
177,196,4
177,197,2
177,198,17
177,199,15
178,179,14
178,180,9
178,184,2
178,189,9
178,191,14
178,195,3
178,198,7
179,180,3
179,181,8
179,182,3
179,183,9
179,184,19
179,185,5
179,186,16
179,187,15
179,188,2
179,189,18
179,190,19
179,192,7
179,194,1
179,195,10
179,196,16
179,197,4
179,198,17
179,199,11
180,184,19
180,185,19
180,187,15
180,189,9
180,190,13
180,191,3
180,192,1
180,194,19
180,195,10
180,196,18
180,197,14
180,198,13
180,199,11
181,182,7
181,185,19
181,186,14
181,187,13
181,188,14
181,189,1
181,190,20
181,191,16
181,192,13
181,193,11
181,194,6
181,195,17
181,196,18
181,197,16
181,199,4
182,185,14
182,186,20
182,187,15
182,190,18
182,192,9
182,193,5
182,194,6
182,195,9
182,196,9
182,197,12
183,184,14
183,185,14
183,186,11
183,187,14
183,189,17
183,190,16
183,191,18
183,195,1
183,197,13
183,199,2
184,186,15
184,188,5
184,192,10
184,193,3
184,195,16
184,196,5
184,197,13
184,199,6
185,187,20
185,193,3
185,196,6
185,197,18
185,198,11
186,187,2
186,188,17
186,189,1
186,190,14
186,191,4
186,192,4
186,193,4
186,195,12
186,196,1
186,197,3
186,199,16
187,188,12
187,189,19
187,190,11
187,192,6
187,193,2
187,194,12
187,195,11
187,197,3
187,198,6
187,199,17
188,189,17
188,190,20
188,191,14
188,193,8
188,194,4
188,195,15
188,196,6
188,197,20
188,198,9
189,191,10
189,196,4
189,197,11
189,199,15
190,191,3
190,192,2
190,193,20
190,194,19
190,196,11
190,197,7
190,198,11
190,199,8
191,193,14
191,194,17
191,195,19
191,197,11
191,198,15
191,199,6
192,196,17
192,197,11
193,194,18
193,196,18
193,197,10
193,199,10
194,196,18
194,197,4
194,198,16
194,199,16
195,196,14
195,199,3
196,198,16
196,199,11
197,198,13
