0,9,16
0,11,7
0,22,1
0,23,19
0,25,10
0,31,16
0,34,5
0,36,13
0,38,3
0,42,3
0,44,11
0,46,20
0,47,6
0,51,1
0,53,20
0,54,8
0,59,20
0,60,20
0,61,17
0,74,13
0,80,1
0,86,11
0,89,8
0,97,13
0,102,11
0,104,10
0,105,12
0,114,2
0,115,12
0,116,18
0,135,9
0,139,20
0,140,19
0,148,2
0,153,13
0,155,18
0,157,13
0,161,12
0,173,5
0,174,18
0,175,15
0,182,1
0,183,1
1,15,5
1,16,1
1,22,14
1,26,1
1,27,4
1,36,5
1,40,5
1,49,20
1,51,19
1,53,4
1,54,11
1,63,9
1,75,6
1,80,19
1,83,17
1,84,7
1,91,13
1,93,13
1,95,20
1,100,13
1,105,2
1,110,18
1,113,6
1,125,18
1,127,8
1,129,19
1,142,1
1,143,4
1,145,14
1,149,9
1,158,2
1,161,3
1,166,10
1,169,1
1,176,5
1,179,11
1,184,19
1,188,13
2,9,17
2,37,16
2,39,7
2,41,16
2,46,2
2,48,11
2,61,20
2,85,11
2,99,18
2,102,3
2,107,2
2,109,1
2,111,13
2,117,8
2,128,11
2,131,4
2,138,20
2,142,20
2,143,12
2,150,9
2,165,17
2,170,13
2,175,13
2,178,9
3,10,18
3,18,18
3,20,17
3,21,4
3,24,18
3,29,4
3,35,9
3,41,9
3,42,16
3,43,10
3,45,10
3,46,1
3,59,10
3,61,17
3,62,19
3,66,12
3,68,3
3,72,14
3,73,9
3,82,11
3,83,2
3,84,4
3,86,16
3,89,19
3,94,13
3,97,20
3,103,19
3,112,19
3,116,12
3,118,12
3,137,16
3,145,8
3,163,16
3,170,20
3,175,1
3,180,18
3,182,1
3,187,12
4,5,6
4,10,18
4,12,20
4,13,20
4,22,15
4,23,2
4,32,2
4,33,19
4,55,14
4,60,7
4,65,8
4,72,7
4,76,4
4,77,10
4,86,17
4,89,14
4,101,20
4,102,1
4,103,19
4,118,18
4,121,10
4,123,11
4,126,8
4,131,13
4,135,19
4,142,15
4,150,18
4,153,1
4,154,18
4,157,5
4,161,16
4,166,2
4,167,6
4,174,20
4,175,13
4,178,15
4,180,5
4,181,19
4,183,17
4,186,12
4,188,11
5,8,3
5,13,12
5,19,18
5,20,15
5,21,19
5,28,5
5,30,11
5,36,20
5,41,10
5,50,1
5,59,13
5,63,13
5,65,5
5,67,9
5,71,12
5,74,9
5,75,7
5,82,14
5,85,7
5,97,4
5,99,12
5,100,7
5,104,2
5,108,7
5,110,14
5,114,19
5,121,12
5,132,6
5,144,3
5,146,14
5,154,19
5,155,2
5,159,15
5,162,8
5,168,7
5,185,8
5,187,14
6,9,1
6,10,2
6,13,18
6,21,7
6,22,10
6,24,9
6,29,8
6,32,18
6,35,19
6,37,19
6,47,14
6,56,4
6,63,12
6,70,19
6,71,6
6,90,11
6,96,3
6,98,14
6,107,12
6,110,5
6,112,14
6,125,13
6,128,2
6,136,8
6,138,3
6,139,17
6,145,1
6,148,4
6,149,17
6,152,9
6,161,13
6,163,20
6,165,19
6,170,16
6,174,12
6,187,10
7,8,3
7,9,6
7,12,10
7,13,3
7,16,8
7,24,3
7,30,3
7,44,14
7,48,17
7,49,7
7,51,1
7,54,4
7,55,18
7,60,19
7,64,4
7,81,20
7,82,10
7,101,16
7,105,16
7,110,7
7,117,5
7,123,7
7,124,12
7,126,8
7,130,7
7,133,8
7,134,2
7,137,12
7,140,4
7,141,11
7,147,17
7,159,14
7,162,7
7,165,2
7,174,13
7,184,9
7,189,14
8,13,13
8,18,10
8,20,13
8,42,5
8,50,16
8,68,18
8,72,3
8,77,6
8,81,10
8,87,12
8,88,2
8,94,4
8,95,16
8,102,19
8,104,15
8,105,19
8,106,2
8,109,15
8,111,18
8,114,15
8,118,10
8,129,10
8,136,6
8,140,7
8,144,2
8,148,18
8,149,10
8,157,19
8,161,12
8,163,20
8,166,18
8,181,6
8,188,10
9,10,13
9,19,9
9,24,9
9,30,15
9,32,15
9,33,10
9,38,17
9,42,1
9,43,16
9,45,1
9,46,6
9,51,12
9,59,8
9,62,17
9,72,16
9,75,10
9,84,8
9,87,7
9,88,6
9,89,17
9,91,20
9,100,12
9,105,17
9,111,19
9,112,13
9,118,15
9,121,12
9,122,9
9,125,15
9,126,7
9,129,6
9,133,1
9,144,12
9,145,14
9,150,14
9,155,8
9,171,7
9,172,4
9,182,6
9,185,14
10,20,5
10,22,3
10,24,18
10,29,17
10,31,19
10,34,11
10,37,12
10,42,1
10,43,10
10,47,6
10,48,13
10,49,13
10,55,12
10,56,18
10,63,1
10,70,17
10,71,14
10,72,18
10,73,12
10,75,3
10,93,15
10,94,15
10,95,10
10,103,11
10,109,14
10,113,16
10,115,13
10,117,16
10,124,8
10,125,1
10,126,1
10,127,8
10,128,7
10,135,4
10,145,17
10,152,8
10,162,18
10,165,9
10,167,6
10,168,5
10,175,13
10,184,11
10,189,9
11,15,19
11,18,9
11,19,7
11,50,2
11,53,4
11,60,19
11,66,14
11,69,15
11,70,9
11,77,19
11,83,10
11,92,13
11,107,16
11,111,5
11,116,18
11,120,3
11,121,1
11,132,3
11,133,2
11,141,20
11,146,18
11,154,11
11,156,17
11,159,15
11,175,6
11,186,15
12,27,7
12,29,7
12,30,13
12,36,5
12,42,6
12,46,15
12,60,19
12,61,17
12,64,15
12,82,10
12,86,13
12,88,10
12,89,3
12,93,19
12,97,3
12,111,9
12,115,10
12,122,4
12,135,15
12,147,19
12,150,19
12,159,4
12,163,14
12,167,3
12,169,5
12,170,6
12,172,1
12,176,14
12,178,8
12,179,3
12,181,2
12,189,11
13,16,17
13,17,15
13,18,16
13,23,10
13,28,9
13,41,16
13,51,10
13,60,3
13,68,9
13,79,2
13,90,13
13,95,13
13,103,6
13,105,10
13,112,17
13,120,14
13,122,20
13,129,5
13,130,4
13,132,16
13,134,13
13,138,1
13,157,20
13,161,19
13,162,8
13,175,15
13,183,6
14,15,4
14,16,16
14,18,13
14,21,7
14,30,9
14,33,8
14,36,17
14,38,5
14,40,1
14,41,3
14,66,7
14,71,11
14,80,18
14,91,1
14,103,1
14,107,17
14,115,8
14,116,20
14,121,20
14,131,19
14,138,8
14,148,15
14,153,4
14,154,18
14,160,20
14,167,3
14,173,2
14,180,12
14,186,1
15,16,19
15,21,15
15,23,13
15,32,12
15,33,9
15,34,20
15,37,20
15,39,17
15,42,1
15,43,18
15,53,11
15,64,12
15,78,15
15,79,15
15,80,14
15,81,3
15,86,9
15,88,1
15,102,15
15,107,17
15,108,9
15,110,9
15,117,19
15,119,7
15,122,12
15,132,20
15,134,6
15,138,6
15,140,2
15,145,2
15,150,14
15,153,5
15,154,7
15,156,3
15,157,13
15,174,20
15,177,5
15,182,16
15,185,13
15,189,6
16,20,17
16,22,11
16,31,12
16,35,15
16,36,17
16,38,2
16,42,16
16,52,8
16,61,19
16,69,12
16,88,5
16,94,1
16,97,3
16,102,11
16,111,16
16,118,6
16,127,2
16,128,2
16,137,12
16,141,2
16,142,9
16,143,12
16,148,14
16,157,15
16,161,5
16,167,3
16,170,10
16,177,13
16,181,4
16,185,14
17,18,19
17,22,3
17,24,12
17,32,12
17,36,15
17,37,14
17,47,7
17,50,3
17,56,3
17,58,12
17,71,19
17,72,20
17,77,16
17,78,20
17,80,15
17,90,5
17,91,5
17,104,19
17,107,10
17,118,17
17,136,15
17,138,20
17,153,6
17,156,17
17,161,14
17,169,12
17,174,8
17,183,16
17,186,6
17,188,4
18,20,10
18,30,10
18,52,4
18,53,19
18,59,14
18,61,14
18,64,10
18,79,15
18,87,6
18,97,9
18,100,7
18,101,5
18,104,9
18,108,15
18,109,6
18,127,18
18,128,15
18,131,2
18,136,16
18,140,20
18,143,12
18,144,12
18,150,11
18,152,14
18,155,16
18,157,18
18,163,5
18,175,11
18,178,19
18,179,1
18,184,10
18,185,7
19,22,1
19,26,15
19,31,13
19,39,16
19,41,14
19,46,4
19,49,13
19,51,11
19,57,19
19,63,9
19,70,10
19,94,3
19,97,18
19,101,4
19,129,16
19,132,9
19,138,3
19,139,15
19,141,8
19,142,19
19,146,18
19,147,16
19,152,15
19,157,19
19,159,15
19,166,10
19,173,3
19,175,6
19,179,2
19,182,3
19,187,7
20,26,4
20,30,4
20,34,10
20,37,4
20,45,8
20,49,12
20,51,18
20,52,2
20,54,6
20,56,3
20,68,7
20,73,5
20,81,16
20,86,4
20,92,7
20,93,1
20,97,10
20,100,12
20,108,17
20,110,12
20,112,13
20,117,12
20,132,10
20,134,16
20,137,5
20,141,19
20,144,13
20,145,8
20,147,5
20,150,17
20,152,2
20,153,12
20,161,9
20,173,3
20,174,6
20,179,1
20,180,13
20,185,20
21,26,9
21,27,11
21,28,19
21,29,14
21,34,10
21,37,14
21,43,15
21,44,8
21,49,6
21,52,14
21,59,1
21,61,14
21,66,9
21,83,6
21,87,16
21,97,18
21,102,17
21,106,11
21,119,12
21,126,9
21,129,19
21,130,1
21,142,3
21,149,7
21,152,3
21,160,8
21,161,14
21,162,8
21,168,1
21,179,16
22,28,20
22,29,5
22,41,15
22,43,6
22,45,20
22,58,13
22,62,20
22,63,10
22,65,5
22,66,9
22,71,1
22,73,16
22,79,10
22,89,6
22,95,4
22,99,7
22,112,8
22,115,17
22,126,5
22,129,1
22,130,19
22,131,17
22,140,18
22,141,15
22,145,17
22,152,7
22,153,9
22,156,9
22,160,10
22,162,6
22,163,11
22,168,9
22,174,17
22,185,9
22,187,19
23,24,3
23,26,13
23,29,2
23,32,18
23,34,15
23,37,3
23,49,17
23,57,9
23,64,15
23,78,6
23,79,7
23,80,19
23,98,1
23,105,8
23,106,2
23,126,5
23,128,13
23,138,8
23,142,10
23,149,16
23,152,18
23,156,8
23,159,9
23,162,4
23,170,2
23,173,14
23,177,2
23,178,9
23,180,4
23,184,2
23,187,1
23,188,14
23,189,16
24,26,6
24,34,20
24,55,14
24,59,17
24,60,16
24,62,8
24,65,15
24,67,16
24,70,9
24,78,18
24,79,7
24,80,12
24,82,13
24,83,9
24,97,7
24,99,19
24,102,15
24,109,19
24,112,3
24,116,2
24,119,3
24,120,10
24,121,10
24,125,3
24,134,12
24,145,19
24,148,3
24,152,15
24,156,8
24,157,12
24,159,12
24,161,19
24,166,5
24,167,18
24,169,1
24,187,8
25,30,18
25,31,11
25,32,15
25,36,8
25,41,6
25,44,10
25,47,7
25,51,20
25,60,16
25,62,6
25,65,4
25,67,17
25,68,4
25,72,9
25,76,9
25,77,9
25,81,10
25,85,9
25,87,5
25,95,8
25,100,14
25,126,15
25,129,16
25,131,12
25,132,2
25,140,11
25,141,7
25,144,3
25,145,1
25,146,14
25,147,7
25,157,8
25,158,1
25,164,2
25,168,15
25,169,2
25,179,8
25,181,1
25,182,3
25,185,10
25,186,16
26,32,14
26,41,15
26,42,1
26,45,19
26,49,4
26,57,20
26,74,8
26,81,20
26,83,13
26,84,8
26,90,17
26,93,11
26,113,18
26,117,14
26,120,19
26,122,16
26,129,3
26,130,20
26,137,15
26,142,18
26,149,15
26,161,15
26,163,14
26,165,4
26,172,8
26,186,12
26,187,13
26,188,17
27,30,15
27,33,3
27,34,5
27,38,6
27,41,7
27,52,1
27,56,2
27,63,13
27,65,2
27,68,20
27,81,19
27,82,5
27,83,13
27,89,8
27,93,10
27,95,9
27,96,7
27,122,14
27,123,19
27,141,10
27,142,19
27,144,15
27,145,6
27,158,10
27,176,12
27,180,5
27,184,12
27,187,12
28,31,12
28,33,15
28,36,7
28,40,5
28,41,14
28,48,20
28,52,16
28,55,6
28,77,5
28,83,13
28,93,17
28,96,14
28,101,2
28,108,9
28,109,2
28,123,12
28,124,19
28,133,5
28,136,19
28,144,10
28,145,18
28,150,19
28,161,8
28,162,20
28,167,18
28,170,8
28,172,11
28,173,14
28,174,13
28,185,9
29,44,8
29,57,16
29,66,15
29,71,10
29,80,10
29,91,4
29,92,16
29,93,6
29,102,16
29,106,20
29,109,18
29,118,11
29,119,14
29,132,1
29,133,15
29,134,12
29,143,3
29,145,9
29,146,19
29,148,20
29,151,6
29,153,20
29,156,9
29,163,2
29,164,9
29,169,5
29,172,10
29,178,5
29,188,11
30,31,8
30,33,2
30,35,11
30,42,18
30,48,18
30,49,13
30,52,1
30,55,13
30,57,4
30,67,9
30,73,7
30,78,6
30,81,3
30,82,5
30,92,14
30,96,5
30,97,16
30,100,19
30,101,16
30,105,10
30,108,6
30,110,5
30,115,17
30,119,20
30,131,20
30,134,4
30,139,19
30,142,10
30,150,2
30,151,6
30,152,10
30,153,18
30,160,5
30,161,3
30,170,3
30,176,13
30,186,11
31,35,9
31,39,6
31,42,9
31,49,17
31,50,7
31,51,15
31,54,6
31,55,8
31,57,3
31,58,5
31,61,12
31,62,10
31,70,18
31,73,4
31,80,11
31,82,14
31,83,2
31,84,1
31,87,13
31,97,13
31,99,20
31,100,3
31,104,10
31,105,14
31,106,17
31,108,4
31,121,14
31,126,15
31,127,19
31,135,4
31,145,12
31,147,10
31,150,16
31,154,20
31,161,8
31,166,3
31,169,17
31,170,6
31,175,7
31,182,3
31,183,16
32,38,1
32,39,16
32,47,10
32,57,15
32,65,18
32,85,14
32,99,10
32,109,4
32,119,7
32,131,19
32,133,16
32,141,3
32,142,3
32,144,6
32,145,10
32,150,6
32,153,5
32,163,3
32,164,4
32,168,1
32,172,10
32,175,13
32,176,15
32,181,3
32,186,1
33,34,1
33,46,19
33,59,2
33,64,16
33,65,6
33,66,8
33,67,4
33,71,5
33,76,17
33,80,10
33,81,11
33,87,11
33,89,10
33,95,11
33,96,4
33,102,14
33,104,6
33,116,3
33,121,19
33,122,19
33,125,2
33,131,10
33,135,18
33,136,8
33,146,9
33,147,5
33,150,1
33,151,12
33,153,5
33,154,15
33,155,15
33,156,19
33,159,5
33,161,7
33,166,4
33,169,7
33,173,1
33,176,18
33,184,16
33,186,3
34,37,13
34,38,12
34,52,6
34,53,7
34,54,7
34,60,20
34,64,20
34,65,15
34,66,9
34,78,1
34,87,15
34,100,2
34,106,4
34,111,1
34,112,8
34,117,19
34,119,14
34,126,20
34,128,9
34,131,11
34,135,15
34,144,9
34,150,8
34,154,18
34,155,1
34,160,16
34,161,5
34,163,10
34,174,12
34,179,3
34,188,3
35,50,6
35,61,1
35,67,2
35,69,11
35,72,9
35,74,14
35,76,6
35,78,7
35,88,5
35,93,16
35,94,12
35,97,3
35,99,3
35,100,12
35,101,4
35,106,13
35,120,20
35,124,14
35,129,16
35,137,19
35,139,9
35,141,13
35,147,13
35,152,14
35,153,15
35,156,3
35,157,20
35,158,18
35,159,19
35,163,10
35,165,8
35,177,6
35,186,10
36,39,7
36,45,11
36,65,9
36,69,15
36,72,1
36,76,16
36,78,6
36,82,20
36,86,9
36,92,2
36,97,2
36,98,19
36,100,3
36,105,8
36,119,15
36,124,20
36,130,13
36,138,10
36,141,17
36,151,2
36,154,4
36,156,20
36,159,6
36,163,17
36,169,20
36,176,16
36,178,14
36,188,17
37,43,3
37,44,11
37,45,11
37,46,11
37,51,9
37,52,5
37,60,13
37,61,18
37,69,1
37,73,12
37,85,5
37,87,20
37,103,14
37,109,13
37,118,4
37,133,8
37,138,6
37,140,10
37,141,13
37,143,14
37,149,10
37,159,7
37,160,8
37,162,7
37,165,2
37,171,13
37,181,16
37,182,7
37,183,10
37,186,3
38,44,10
38,47,5
38,54,17
38,57,12
38,73,4
38,80,13
38,85,19
38,87,15
38,101,6
38,104,12
38,106,19
38,108,6
38,112,19
38,113,16
38,119,18
38,120,6
38,121,10
38,129,1
38,130,1
38,143,7
38,146,7
38,149,10
38,156,7
38,158,12
38,169,15
38,171,20
38,174,3
38,175,9
38,177,10
38,178,5
38,179,1
39,47,8
39,50,13
39,54,10
39,61,3
39,69,19
39,80,6
39,90,19
39,106,13
39,123,19
39,125,17
39,132,9
39,138,5
39,139,4
39,150,5
39,153,7
39,162,10
39,170,17
39,173,2
39,174,16
39,180,2
40,43,17
40,49,3
40,53,1
40,55,5
40,57,18
40,59,16
40,64,7
40,66,5
40,80,9
40,89,17
40,95,19
40,97,17
40,108,13
40,109,15
40,113,13
40,128,19
40,129,5
40,132,9
40,137,13
40,139,7
40,143,4
40,145,10
40,150,18
40,167,18
40,171,19
40,172,9
40,173,5
40,181,19
40,185,8
40,188,19
41,44,17
41,55,2
41,59,15
41,62,9
41,65,8
41,68,10
41,72,5
41,75,7
41,83,15
41,85,9
41,89,5
41,102,1
41,111,10
41,114,2
41,130,12
41,137,19
41,141,4
41,143,14
41,158,5
41,162,8
41,165,18
41,171,20
41,179,14
41,181,11
41,182,11
41,184,13
41,187,16
41,189,19
42,59,15
42,62,1
42,63,4
42,67,19
42,69,15
42,72,8
42,77,20
42,84,18
42,94,11
42,96,15
42,99,5
42,113,17
42,125,15
42,131,7
42,132,6
42,134,16
42,137,4
42,148,17
42,152,13
42,153,4
42,160,4
42,164,18
42,188,7
43,44,17
43,52,17
43,59,19
43,76,12
43,87,20
43,89,18
43,92,11
43,94,18
43,98,10
43,102,17
43,104,3
43,117,10
43,125,13
43,127,20
43,128,4
43,136,10
43,145,12
43,157,13
43,162,17
43,165,19
43,167,19
43,168,13
43,169,6
43,174,11
43,176,13
43,177,13
44,53,20
44,63,16
44,64,5
44,67,12
44,69,12
44,74,4
44,82,17
44,88,10
44,93,9
44,96,7
44,105,12
44,115,16
44,123,17
44,134,4
44,145,13
44,146,8
44,156,17
44,159,7
44,160,7
44,164,18
44,166,8
44,170,16
45,47,12
45,49,1
45,53,2
45,60,20
45,69,20
45,70,18
45,72,16
45,76,20
45,78,6
45,88,18
45,93,2
45,95,8
45,96,7
45,100,17
45,103,13
45,108,12
45,115,5
45,117,12
45,120,18
45,124,9
45,126,11
45,132,4
45,135,20
45,170,13
45,171,20
45,175,10
45,178,1
45,179,19
45,184,17
46,56,19
46,62,2
46,63,19
46,72,12
46,80,3
46,85,10
46,86,7
46,91,18
46,119,1
46,121,8
46,122,10
46,126,4
46,128,18
46,137,16
46,139,5
46,141,5
46,153,15
46,157,18
46,161,5
46,170,12
46,171,12
46,172,19
46,185,15
46,186,4
47,49,5
47,52,15
47,70,8
47,76,11
47,80,14
47,87,10
47,101,14
47,106,14
47,116,16
47,122,15
47,127,12
47,131,6
47,135,10
47,136,11
47,139,6
47,140,5
47,142,7
47,145,17
47,148,14
47,161,4
47,182,8
47,183,5
48,50,13
48,64,18
48,66,12
48,67,5
48,76,20
48,77,10
48,85,11
48,95,5
48,105,17
48,108,7
48,114,18
48,119,14
48,123,14
48,128,17
48,129,15
48,139,15
48,144,4
48,149,2
48,155,11
48,165,10
48,171,16
48,180,16
48,186,5
49,71,12
49,78,4
49,79,18
49,82,19
49,83,5
49,92,14
49,95,12
49,104,20
49,109,19
49,111,4
49,113,17
49,120,3
49,132,10
49,133,4
49,139,8
49,145,6
49,147,13
49,151,11
49,154,9
49,159,5
49,166,11
49,185,14
49,188,6
49,189,3
50,54,4
50,62,6
50,66,13
50,67,14
50,70,14
50,71,11
50,73,12
50,75,20
50,82,7
50,86,2
50,90,15
50,99,17
50,103,19
50,106,18
50,109,15
50,122,1
50,127,17
50,128,7
50,134,11
50,135,12
50,136,9
50,137,1
50,146,20
50,159,13
50,172,9
50,178,14
50,180,20
51,55,7
51,71,16
51,77,11
51,83,12
51,85,4
51,87,14
51,92,10
51,95,20
51,96,5
51,100,15
51,102,9
51,104,15
51,106,18
51,115,6
51,118,6
51,120,9
51,129,15
51,132,19
51,144,9
51,145,6
51,151,12
51,153,11
51,158,17
51,161,9
51,162,14
51,166,1
51,167,12
51,168,17
51,173,18
51,174,7
51,177,1
51,180,14
51,182,12
52,55,8
52,56,9
52,57,9
52,62,13
52,71,15
52,77,14
52,80,3
52,87,6
52,92,14
52,104,16
52,112,1
52,113,8
52,128,6
52,132,15
52,140,2
52,150,7
52,156,5
52,162,6
52,164,8
52,165,14
52,166,20
52,168,3
52,170,13
52,173,16
52,178,19
52,180,3
52,181,14
53,54,11
53,58,2
53,72,19
53,75,14
53,78,2
53,82,14
53,87,9
53,95,1
53,103,13
53,114,7
53,115,1
53,117,7
53,118,4
53,119,19
53,125,15
53,128,15
53,130,4
53,132,3
53,134,16
53,139,14
53,144,15
53,152,19
53,156,14
53,163,6
53,167,20
53,171,19
53,176,4
53,181,7
53,182,6
53,189,5
54,55,2
54,58,8
54,65,15
54,70,6
54,71,12
54,73,15
54,76,9
54,78,10
54,86,15
54,95,18
54,102,4
54,109,3
54,118,3
54,127,6
54,132,17
54,139,19
54,145,6
54,146,2
54,150,4
54,153,12
54,167,20
54,175,14
54,181,4
54,187,7
55,75,8
55,77,1
55,79,6
55,84,3
55,90,7
55,98,1
55,103,1
55,108,16
55,110,3
55,114,1
55,120,8
55,129,16
55,135,13
55,147,11
55,148,1
55,149,8
55,151,16
55,162,12
55,164,12
55,170,9
55,175,20
55,184,1
56,62,6
56,64,18
56,68,17
56,77,7
56,91,14
56,102,18
56,106,11
56,114,20
56,115,12
56,122,11
56,124,2
56,126,16
56,131,10
56,132,20
56,139,11
56,141,11
56,150,18
56,151,2
56,160,6
56,163,20
56,174,6
56,187,14
57,73,1
57,78,2
57,80,1
57,86,13
57,88,4
57,94,7
57,98,4
57,105,17
57,106,17
57,112,11
57,114,4
57,121,15
57,122,11
57,123,12
57,131,12
57,133,19
57,134,19
57,141,16
57,142,14
57,143,6
57,145,3
57,146,8
57,149,16
57,153,1
57,162,1
57,169,11
57,177,20
57,178,10
57,181,13
57,184,19
58,73,18
58,75,17
58,76,11
58,81,12
58,84,3
58,88,10
58,99,19
58,106,6
58,110,15
58,118,3
58,119,6
58,121,5
58,122,18
58,124,2
58,125,10
58,127,6
58,136,20
58,142,5
58,145,1
58,146,6
58,160,4
58,162,1
58,165,17
58,166,8
58,170,2
58,175,9
58,183,20
58,188,10
59,65,4
59,72,7
59,73,4
59,75,1
59,76,10
59,77,5
59,87,20
59,89,1
59,92,13
59,93,6
59,99,15
59,111,10
59,133,18
59,143,7
59,146,8
59,147,1
59,149,17
59,151,15
59,154,8
59,161,8
59,167,2
59,178,18
59,181,15
59,183,12
59,185,10
60,69,12
60,74,19
60,75,4
60,77,10
60,83,11
60,95,12
60,96,6
60,102,14
60,108,3
60,111,8
60,113,18
60,118,11
60,127,1
60,143,13
60,144,8
60,153,10
60,155,4
60,169,5
60,179,11
60,180,20
60,186,20
61,69,4
61,70,10
61,79,19
61,86,18
61,93,14
61,94,11
61,102,3
61,107,9
61,109,13
61,111,8
61,115,13
61,119,16
61,121,14
61,125,3
61,127,15
61,130,6
61,132,5
61,133,13
61,135,9
61,138,4
61,140,20
61,142,10
61,145,3
61,150,18
61,153,13
61,163,4
61,167,1
61,169,5
61,174,10
61,177,20
61,187,4
61,189,6
62,65,14
62,67,14
62,71,4
62,73,12
62,76,16
62,78,14
62,79,16
62,81,10
62,83,4
62,90,8
62,93,12
62,94,4
62,99,9
62,108,2
62,109,5
62,110,15
62,112,12
62,121,17
62,122,9
62,135,7
62,138,2
62,139,17
62,142,14
62,143,4
62,146,10
62,147,15
62,153,1
62,160,1
62,169,18
62,176,4
62,178,20
62,185,5
62,186,14
62,187,4
62,189,4
63,69,8
63,70,19
63,74,4
63,93,19
63,104,15
63,109,16
63,111,6
63,121,15
63,122,11
63,128,7
63,140,3
63,143,1
63,145,10
63,153,4
63,159,15
63,171,19
63,180,14
63,183,9
63,186,6
63,189,19
64,67,8
64,70,4
64,71,14
64,82,2
64,83,14
64,86,17
64,90,18
64,95,15
64,112,7
64,114,11
64,120,9
64,122,6
64,130,20
64,140,5
64,142,12
64,144,20
64,151,2
64,155,16
64,159,19
64,160,11
64,161,7
64,167,12
64,168,3
64,169,13
64,181,18
64,183,6
64,186,8
65,68,8
65,77,19
65,89,12
65,96,18
65,101,1
65,107,13
65,115,18
65,119,18
65,130,16
65,148,15
65,157,14
65,158,9
65,162,14
65,169,4
65,170,7
65,179,13
65,186,11
65,189,9
66,67,20
66,74,6
66,78,3
66,83,17
66,99,15
66,110,14
66,113,16
66,117,14
66,123,4
66,127,5
66,130,8
66,132,4
66,140,17
66,142,5
66,144,9
66,145,17
66,149,13
66,152,11
66,155,10
66,161,19
66,163,6
66,166,16
66,168,12
66,174,13
66,177,7
67,69,8
67,72,11
67,74,19
67,76,3
67,77,6
67,80,9
67,84,20
67,87,2
67,88,5
67,89,5
67,90,2
67,91,9
67,94,17
67,97,9
67,120,10
67,122,3
67,124,14
67,137,18
67,141,7
67,144,19
67,145,8
67,152,6
67,153,5
67,156,1
67,161,5
67,176,13
67,181,19
68,69,5
68,74,13
68,77,20
68,83,10
68,87,16
68,88,4
68,99,12
68,100,2
68,105,3
68,106,1
68,118,10
68,123,17
68,140,2
68,153,7
68,154,4
68,161,16
68,162,14
68,174,7
68,181,3
68,183,14
68,186,20
69,71,10
69,89,13
69,90,9
69,95,4
69,97,4
69,103,20
69,107,2
69,111,2
69,112,5
69,137,3
69,143,15
69,147,15
69,148,2
69,153,8
69,160,18
69,165,12
69,170,6
69,174,1
69,180,13
69,183,10
69,186,4
69,188,1
70,88,15
70,91,3
70,98,7
70,104,11
70,108,9
70,118,15
70,126,4
70,138,5
70,145,16
70,150,13
70,155,6
70,156,8
70,158,7
70,166,15
70,167,7
70,168,13
70,173,6
70,178,8
70,185,17
70,187,14
71,74,16
71,77,7
71,82,5
71,88,14
71,92,12
71,99,15
71,107,18
71,118,3
71,121,7
71,122,20
71,131,9
71,138,14
71,169,14
71,170,9
71,178,18
71,186,10
71,187,6
72,78,18
72,79,13
72,88,3
72,92,1
72,105,1
72,116,12
72,117,5
72,120,3
72,124,3
72,130,11
72,135,2
72,137,6
72,142,18
72,144,17
72,149,19
72,154,2
72,157,14
72,159,9
72,160,6
72,168,16
72,171,11
72,175,10
73,77,1
73,80,3
73,82,9
73,83,4
73,84,10
73,89,16
73,94,2
73,96,12
73,100,13
73,101,7
73,103,4
73,105,13
73,108,19
73,110,3
73,118,12
73,120,10
73,129,7
73,133,1
73,135,19
73,136,13
73,142,20
73,144,19
73,150,18
73,156,2
73,157,2
73,169,11
73,177,11
73,182,14
73,183,13
73,189,18
74,78,3
74,80,17
74,81,2
74,83,2
74,87,6
74,90,9
74,95,17
74,110,19
74,112,7
74,114,12
74,117,12
74,119,7
74,122,19
74,126,8
74,128,18
74,131,2
74,141,1
74,148,3
74,152,8
74,159,9
74,167,6
74,169,13
74,170,1
74,171,1
75,76,14
75,80,6
75,83,19
75,86,13
75,88,20
75,90,19
75,91,8
75,94,19
75,95,19
75,99,6
75,102,2
75,103,16
75,111,15
75,115,7
75,118,18
75,122,13
75,127,18
75,130,4
75,133,20
75,134,3
75,135,9
75,138,4
75,140,16
75,144,4
75,158,11
75,162,17
75,165,15
75,166,16
75,173,7
75,181,19
75,187,14
75,188,4
76,77,16
76,80,8
76,90,2
76,91,17
76,92,18
76,93,19
76,106,19
76,109,2
76,116,13
76,117,10
76,127,20
76,130,14
76,131,10
76,133,3
76,137,2
76,146,8
76,148,1
76,149,8
76,162,1
76,172,2
76,182,8
77,79,16
77,88,2
77,100,9
77,104,19
77,106,20
77,110,11
77,112,1
77,114,2
77,118,1
77,122,13
77,142,13
77,158,8
77,162,5
77,166,11
77,170,10
77,172,4
77,180,18
77,181,5
77,183,13
77,185,1
77,189,1
78,82,10
78,105,17
78,107,11
78,112,11
78,119,3
78,123,4
78,127,16
78,129,19
78,133,15
78,140,6
78,141,20
78,144,3
78,147,12
78,151,14
78,153,7
78,156,17
78,159,8
78,167,14
78,169,6
78,178,14
78,180,10
79,89,18
79,99,12
79,102,4
79,113,11
79,114,6
79,125,8
79,126,19
79,136,15
79,140,17
79,156,17
79,162,14
79,166,12
79,167,3
79,172,20
79,178,8
79,182,16
79,187,20
79,188,15
79,189,15
80,83,8
80,85,19
80,90,7
80,95,9
80,98,16
80,104,2
80,107,8
80,113,11
80,119,8
80,122,14
80,123,5
80,125,17
80,126,5
80,128,10
80,142,1
80,155,16
80,157,20
80,160,16
80,161,13
80,169,7
80,171,7
80,172,12
80,184,14
80,186,9
80,188,16
80,189,6
81,90,6
81,93,14
81,100,15
81,103,5
81,105,3
81,112,1
81,113,11
81,117,4
81,120,6
81,125,3
81,138,18
81,139,8
81,150,14
81,153,11
81,157,13
81,166,20
81,168,11
81,171,17
81,175,7
81,179,7
81,181,9
82,83,15
82,99,4
82,102,13
82,107,8
82,111,12
82,114,19
82,115,19
82,116,19
82,117,10
82,119,14
82,120,20
82,122,6
82,124,1
82,128,17
82,133,19
82,145,16
82,148,5
82,151,6
82,158,3
82,160,8
82,162,5
82,175,15
82,177,10
83,88,17
83,115,4
83,120,10
83,124,10
83,125,8
83,130,16
83,131,16
83,133,4
83,146,2
83,155,16
83,156,9
83,163,15
83,169,13
83,177,4
83,184,1
84,85,8
84,99,17
84,104,1
84,105,12
84,110,13
84,115,7
84,122,7
84,123,4
84,126,12
84,136,16
84,137,7
84,158,13
84,159,19
84,164,2
84,165,1
84,177,20
84,184,9
85,91,4
85,98,16
85,106,8
85,107,5
85,122,1
85,132,4
85,134,12
85,138,4
85,152,20
85,155,8
85,157,6
85,167,18
85,172,8
85,182,20
85,185,3
85,186,2
86,102,4
86,105,15
86,114,3
86,118,20
86,120,14
86,132,10
86,137,10
86,150,5
86,157,7
86,158,13
86,162,7
86,164,20
86,167,4
86,174,8
86,176,8
86,188,9
87,89,7
87,100,12
87,118,9
87,119,13
87,122,11
87,123,20
87,129,4
87,141,8
87,146,10
87,148,6
87,153,10
87,157,17
87,165,9
87,177,1
88,89,8
88,91,5
88,92,18
88,97,17
88,101,14
88,103,16
88,104,19
88,109,19
88,111,7
88,119,15
88,129,7
88,131,4
88,132,11
88,134,2
88,139,2
88,143,8
88,150,8
88,152,12
88,153,5
88,158,14
88,162,14
88,164,15
88,170,12
88,178,13
88,183,20
88,184,15
89,98,17
89,99,3
89,109,1
89,111,17
89,122,16
89,126,1
89,132,1
89,142,15
89,144,17
89,147,5
89,149,8
89,167,16
89,172,5
90,94,11
90,95,7
90,98,8
90,99,2
90,100,13
90,107,8
90,109,1
90,112,16
90,115,5
90,116,15
90,121,20
90,123,10
90,124,7
90,127,17
90,128,9
90,134,15
90,139,7
90,143,12
90,147,6
90,149,20
90,153,4
90,155,11
90,157,13
90,163,11
90,176,12
90,181,15
91,97,13
91,102,13
91,103,15
91,106,16
91,108,2
91,111,8
91,115,7
91,118,1
91,119,16
91,125,5
91,133,14
91,134,18
91,136,3
91,139,7
91,140,8
91,144,7
91,176,12
92,99,14
92,108,4
92,110,11
92,115,1
92,119,17
92,128,14
92,132,7
92,143,17
92,147,8
92,153,18
92,154,5
92,155,9
92,160,13
92,169,9
93,98,19
93,99,20
93,109,10
93,111,16
93,114,19
93,116,13
93,122,12
93,123,8
93,138,7
93,142,9
93,150,19
93,155,18
93,175,17
93,179,3
93,182,10
93,184,7
94,95,14
94,110,15
94,116,13
94,128,18
94,130,7
94,131,14
94,134,12
94,137,3
94,138,8
94,140,6
94,141,4
94,148,15
94,149,4
94,150,12
94,154,4
94,158,17
94,168,9
94,171,12
94,172,18
94,175,15
94,186,9
94,189,15
95,100,3
95,104,12
95,107,14
95,114,1
95,118,4
95,125,10
95,127,12
95,129,18
95,140,20
95,142,17
95,158,6
95,172,13
95,177,11
95,178,6
95,182,20
95,188,7
96,103,9
96,105,7
96,106,12
96,115,6
96,116,14
96,118,17
96,119,16
96,122,15
96,124,3
96,128,15
96,137,8
96,152,9
96,153,15
96,162,11
96,163,14
96,168,9
96,169,1
96,170,16
96,180,7
96,183,10
96,185,18
97,107,6
97,110,11
97,132,8
97,133,1
97,140,16
97,142,3
97,152,16
97,153,10
97,155,18
97,158,4
97,162,15
97,171,20
97,175,13
97,182,7
97,183,8
97,188,3
98,101,19
98,105,11
98,120,14
98,124,19
98,126,1
98,127,12
98,128,17
98,129,19
98,136,8
98,139,6
98,140,6
98,146,19
98,147,15
98,149,18
98,156,12
98,170,13
98,173,5
98,183,14
98,187,4
99,103,8
99,105,7
99,113,5
99,118,7
99,124,13
99,125,2
99,127,1
99,129,3
99,131,19
99,134,7
99,148,3
99,156,18
99,163,13
99,165,18
99,167,15
99,169,13
99,173,1
99,177,16
99,186,6
100,108,15
100,118,2
100,123,10
100,128,17
100,138,6
100,150,9
100,164,1
100,166,16
100,168,8
100,183,18
100,186,14
101,109,18
101,117,3
101,132,12
101,134,18
101,136,4
101,146,7
101,162,5
101,163,7
101,164,13
101,165,14
101,166,11
101,168,4
101,171,11
101,175,13
101,182,20
101,183,2
101,184,14
101,185,14
102,109,4
102,116,2
102,117,3
102,125,8
102,126,14
102,130,2
102,131,7
102,147,12
102,151,2
102,174,11
102,175,6
102,184,10
102,188,13
103,105,16
103,109,5
103,110,14
103,113,17
103,114,6
103,115,20
103,118,3
103,120,15
103,126,14
103,139,16
103,140,6
103,148,3
103,150,14
103,151,6
103,154,15
103,163,13
103,169,18
103,176,3
103,180,4
103,183,9
103,185,4
103,188,13
104,109,20
104,141,13
104,146,11
104,148,7
104,149,16
104,165,8
104,173,3
104,180,20
104,186,12
104,187,5
105,107,10
105,108,18
105,109,3
105,114,18
105,119,5
105,123,2
105,125,14
105,127,12
105,130,12
105,135,12
105,136,16
105,137,7
105,138,14
105,140,10
105,145,18
105,154,5
105,155,2
105,156,5
105,157,6
105,159,13
105,160,7
105,162,5
105,163,4
105,168,14
105,181,18
105,183,13
106,109,15
106,113,13
106,115,20
106,116,8
106,120,11
106,127,9
106,129,15
106,131,12
106,132,3
106,134,15
106,146,7
106,155,8
106,160,15
106,161,11
106,163,16
106,166,15
106,168,19
106,169,1
106,172,1
106,174,6
106,176,19
106,182,14
106,183,3
106,184,20
106,187,2
107,109,9
107,112,20
107,117,1
107,121,12
107,138,13
107,145,5
107,147,16
107,156,17
107,158,4
107,159,10
107,162,6
107,185,14
108,112,19
108,124,14
108,125,3
108,126,9
108,137,10
108,144,10
108,158,7
108,163,9
108,165,6
108,166,12
108,169,14
108,176,3
108,177,12
108,178,12
109,118,4
109,119,8
109,125,2
109,128,14
109,138,3
109,139,11
109,141,3
109,142,16
109,155,13
109,157,2
109,166,8
109,171,15
109,177,7
109,182,5
109,186,6
110,120,5
110,122,18
110,123,19
110,125,4
110,127,9
110,129,17
110,130,16
110,137,5
110,138,1
110,139,9
110,153,10
110,159,17
110,162,12
110,167,1
110,170,13
110,178,17
110,179,12
110,182,12
110,183,16
110,187,13
110,188,14
111,115,3
111,118,7
111,123,19
111,125,6
111,129,4
111,132,17
111,136,16
111,140,4
111,146,5
111,147,10
111,148,4
111,149,7
111,151,8
111,155,5
111,158,11
111,164,12
111,177,20
111,179,11
111,188,4
112,114,9
112,117,1
112,125,16
112,127,1
112,140,19
112,141,14
112,153,4
112,154,1
112,157,3
112,168,12
112,169,13
112,170,3
112,178,12
112,180,16
113,121,15
113,126,15
113,137,1
113,138,14
113,140,2
113,143,8
113,144,17
113,145,1
113,153,16
113,159,5
113,166,11
113,172,2
113,174,17
113,176,15
113,182,3
113,185,3
113,189,18
114,119,9
114,121,1
114,131,11
114,132,5
114,136,20
114,139,14
114,151,16
114,160,18
114,164,11
114,166,19
114,170,11
114,173,1
114,175,9
114,179,8
114,184,13
115,116,15
115,117,3
115,127,2
115,128,19
115,136,1
115,138,3
115,140,17
115,151,16
115,152,8
115,157,16
115,160,4
115,162,7
115,163,14
115,167,1
115,171,1
115,173,7
115,174,13
115,178,17
115,186,13
116,118,4
116,121,13
116,123,19
116,128,3
116,129,12
116,130,6
116,135,12
116,144,16
116,146,1
116,147,6
116,155,3
116,156,16
116,164,13
116,165,6
116,167,14
116,170,11
116,177,13
116,181,15
116,182,8
116,184,8
117,120,7
117,130,1
117,131,9
117,150,20
117,153,6
117,164,14
117,168,3
117,175,17
117,176,4
117,178,13
117,180,1
117,182,9
117,183,19
117,186,6
117,187,13
118,121,13
118,122,15
118,123,14
118,131,16
118,139,13
118,140,16
118,149,10
118,150,7
118,155,4
118,158,1
118,161,20
118,175,2
118,177,17
118,182,5
118,184,20
118,185,3
118,186,11
119,120,3
119,121,18
119,130,15
119,133,18
119,139,19
119,147,18
119,149,9
119,152,15
119,153,11
119,154,15
119,156,4
119,158,19
119,160,12
119,169,14
119,180,14
119,188,3
119,189,6
120,124,5
120,129,9
120,132,15
120,135,15
120,146,1
120,152,14
120,155,5
120,156,19
120,157,6
120,160,12
120,165,1
120,166,10
120,168,16
120,178,5
120,179,1
120,181,8
120,185,12
120,186,2
120,187,2
120,188,10
121,128,9
121,129,20
121,134,1
121,138,7
121,142,20
121,156,11
121,157,11
121,179,1
121,182,19
121,189,10
122,126,11
122,131,3
122,132,4
122,133,18
122,136,7
122,144,10
122,145,14
122,147,13
122,149,12
122,156,9
122,169,20
122,170,1
122,173,3
122,186,7
123,131,5
123,137,8
123,147,18
123,148,8
123,152,10
123,154,6
123,155,13
123,157,9
123,161,14
123,165,5
123,166,16
123,174,3
123,177,6
123,185,10
123,188,7
124,130,19
124,139,15
124,146,8
124,153,5
124,158,2
124,159,1
124,164,17
124,176,7
124,183,10
124,184,2
124,185,8
124,186,15
124,187,9
125,132,11
125,137,16
125,140,2
125,142,5
125,144,19
125,152,6
125,158,19
125,160,1
125,165,16
125,170,19
125,178,20
125,183,15
126,129,6
126,138,16
126,143,15
126,145,19
126,156,11
126,157,20
126,159,8
126,165,13
126,176,13
126,182,2
126,185,7
126,187,4
126,188,13
127,128,17
127,130,16
127,137,13
127,140,15
127,141,13
127,158,3
127,161,15
127,164,16
127,166,9
127,181,5
127,186,20
127,187,5
128,136,3
128,147,4
128,149,1
128,153,20
128,168,3
128,173,18
128,182,20
128,186,8
128,189,15
129,134,3
129,138,20
129,139,14
129,149,4
129,164,12
129,171,6
129,173,4
129,184,2
130,133,3
130,134,6
130,140,13
130,153,8
130,160,8
130,161,10
130,168,11
130,169,20
130,170,4
130,175,12
130,188,4
131,135,9
131,138,16
131,139,2
131,145,17
131,149,1
131,153,15
131,159,17
131,162,5
131,165,9
131,167,18
131,173,1
131,175,6
131,181,11
131,186,1
132,133,2
132,138,18
132,140,9
132,144,12
132,150,5
132,154,15
132,157,17
132,170,12
132,179,6
132,182,4
132,184,4
133,135,2
133,152,7
133,155,9
133,156,16
133,159,20
133,172,19
133,188,11
134,141,12
134,142,12
134,143,14
134,147,2
134,148,14
134,149,9
134,151,13
134,161,18
134,164,19
134,167,1
134,171,11
134,179,15
135,157,17
135,168,11
135,170,11
136,139,4
136,142,20
136,146,1
136,149,3
136,152,3
136,174,6
136,177,14
136,183,12
137,138,6
137,143,11
137,145,5
137,151,14
137,152,7
137,160,1
137,169,17
137,170,5
137,171,7
137,173,5
137,176,9
137,181,10
137,189,11
138,141,11
138,145,17
138,147,19
138,155,10
138,164,20
138,169,14
138,172,2
138,183,5
138,189,1
139,148,20
139,152,3
139,153,7
139,161,8
139,164,20
139,170,20
139,171,13
139,174,8
139,178,12
139,186,20
139,188,12
140,144,14
140,145,18
140,146,19
140,152,10
140,154,14
140,156,17
140,163,12
140,165,2
140,171,4
140,172,10
140,175,3
140,180,16
141,160,10
141,168,17
141,171,5
141,186,4
141,188,19
142,145,14
142,150,20
142,176,15
142,177,9
143,148,20
143,152,1
143,153,7
143,164,5
143,165,16
143,167,7
143,169,20
143,175,9
143,176,13
143,188,4
144,146,7
144,153,14
144,155,4
144,158,15
144,165,19
144,168,4
144,170,10
144,174,13
144,178,16
144,184,18
144,188,15
145,150,16
145,151,9
145,153,2
145,165,17
145,167,3
145,171,20
145,175,2
145,187,19
146,151,16
146,153,9
146,156,10
146,163,4
146,166,9
146,172,15
146,173,15
146,179,16
146,185,7
146,186,2
147,160,18
147,162,10
147,164,1
147,178,16
147,183,5
147,189,14
148,149,2
148,150,5
148,155,4
148,160,13
148,162,13
148,167,2
148,168,2
148,171,18
148,178,14
148,180,6
148,187,17
148,188,2
149,150,14
149,152,10
149,157,5
149,179,12
149,183,11
149,189,20
150,158,6
150,166,15
150,169,7
150,170,16
150,178,20
150,181,11
150,182,11
150,184,6
150,185,20
150,189,8
151,157,10
151,160,11
151,163,19
151,166,14
151,172,18
151,177,19
151,180,2
151,187,11
151,188,15
152,153,14
152,156,11
152,159,1
152,169,9
153,155,6
153,156,12
153,159,15
153,165,1
153,166,6
153,171,4
153,172,11
153,186,13
154,171,20
154,172,8
154,176,5
154,179,8
154,182,18
154,184,7
154,187,20
155,160,10
155,167,19
155,170,9
155,173,14
155,180,10
155,185,3
155,186,10
156,157,8
156,163,4
156,167,8
156,172,7
156,179,7
156,186,19
157,163,1
157,166,16
157,174,1
157,180,7
158,167,15
158,170,11
158,171,17
158,183,13
158,189,5
159,162,18
159,163,9
159,170,16
159,175,19
159,181,1
159,185,10
160,162,19
160,168,2
160,169,13
160,172,14
160,175,20
160,186,1
161,163,3
161,168,17
161,169,3
161,176,9
161,179,10
161,181,15
161,182,2
161,186,12
162,166,15
162,168,16
162,172,17
162,178,14
162,179,19
162,180,14
162,182,1
162,187,3
163,172,7
163,173,15
163,177,2
163,178,19
163,179,2
163,183,14
163,185,19
164,167,5
164,168,2
164,171,9
164,177,19
164,188,12
165,169,20
165,172,7
165,184,13
166,169,20
166,171,16
166,172,1
166,181,6
166,189,7
167,171,7
167,172,13
167,173,1
167,176,15
167,181,5
167,187,19
168,169,17
168,177,12
169,175,10
169,182,12
169,184,14
169,186,3
169,187,19
169,188,13
170,172,12
170,178,2
170,186,11
170,188,15
171,176,2
171,179,14
171,183,17
172,175,7
172,176,1
172,184,13
173,174,16
173,178,14
173,180,15
173,181,1
173,186,9
173,187,17
174,178,2
175,179,1
175,184,10
175,186,14
175,188,3
176,181,3
176,186,17
177,182,5
178,181,3
178,186,19
179,180,11
179,188,11
180,181,6
180,183,5
180,187,13
182,185,17
184,186,18
184,187,5
184,188,18
185,186,18
