0,3,16
0,9,17
0,11,14
0,13,4
0,17,16
0,18,9
0,24,9
0,26,20
0,27,18
0,29,12
0,31,6
0,33,7
0,34,3
0,35,8
0,42,7
0,46,5
0,51,17
0,52,2
0,55,11
0,56,14
0,57,20
0,58,13
0,59,6
0,62,4
0,64,12
0,65,11
0,66,6
0,70,9
0,71,8
0,72,16
0,74,1
0,75,13
0,78,7
0,79,9
0,82,9
0,86,2
0,87,15
0,88,5
0,90,12
0,91,5
0,93,14
0,99,4
0,101,4
0,102,14
0,106,7
0,110,19
0,111,6
0,112,9
0,116,18
0,119,6
0,122,4
0,124,18
0,125,15
0,126,12
0,127,1
0,129,6
0,130,9
0,132,7
0,133,10
0,137,19
0,140,16
0,141,19
0,142,4
0,143,12
0,144,5
0,145,17
0,147,1
0,150,20
0,151,9
0,152,15
0,156,8
0,162,16
0,165,16
0,166,11
0,167,11
0,168,1
1,2,17
1,4,18
1,8,11
1,15,16
1,16,16
1,18,4
1,20,10
1,29,19
1,30,2
1,34,6
1,35,10
1,36,18
1,38,1
1,39,5
1,40,2
1,42,20
1,43,5
1,46,13
1,47,5
1,48,3
1,50,15
1,51,19
1,53,18
1,54,11
1,56,8
1,57,9
1,59,15
1,61,19
1,63,2
1,64,2
1,66,5
1,67,20
1,69,16
1,72,14
1,73,16
1,76,7
1,77,11
1,78,11
1,79,1
1,80,18
1,82,17
1,83,18
1,84,7
1,86,13
1,87,17
1,90,13
1,91,6
1,92,20
1,93,4
1,94,12
1,95,3
1,96,6
1,97,19
1,98,11
1,99,3
1,101,12
1,102,1
1,105,8
1,108,1
1,109,20
1,110,5
1,115,10
1,118,18
1,119,14
1,120,19
1,121,5
1,124,12
1,125,20
1,126,7
1,129,19
1,131,15
1,133,2
1,135,6
1,136,2
1,137,14
1,139,20
1,141,10
1,142,20
1,143,14
1,144,9
1,147,7
1,151,17
1,152,9
1,153,8
1,155,15
1,157,6
1,160,7
1,161,3
1,162,5
1,163,3
1,166,16
1,168,7
1,169,11
2,4,16
2,7,17
2,9,15
2,10,11
2,11,2
2,14,11
2,16,5
2,17,10
2,18,13
2,19,14
2,20,3
2,22,1
2,29,20
2,30,11
2,31,6
2,34,7
2,36,17
2,37,10
2,39,2
2,41,14
2,44,18
2,45,1
2,46,12
2,48,8
2,49,9
2,50,17
2,53,4
2,59,9
2,61,1
2,65,20
2,68,15
2,70,12
2,73,18
2,76,11
2,77,5
2,78,8
2,79,13
2,80,16
2,83,3
2,84,20
2,89,2
2,94,14
2,95,14
2,96,6
2,99,11
2,101,13
2,102,12
2,109,15
2,110,18
2,111,18
2,115,4
2,117,18
2,123,1
2,124,18
2,126,1
2,129,9
2,134,12
2,137,4
2,141,5
2,143,10
2,146,16
2,148,14
2,149,12
2,150,5
2,152,19
2,153,8
2,156,6
2,162,12
2,163,15
2,164,15
2,165,12
2,166,16
2,168,10
3,6,1
3,7,20
3,8,4
3,11,15
3,13,2
3,14,18
3,16,13
3,18,3
3,19,9
3,20,4
3,21,9
3,26,5
3,27,12
3,28,6
3,30,1
3,31,14
3,32,20
3,33,9
3,34,15
3,37,13
3,39,17
3,40,9
3,43,1
3,46,2
3,47,18
3,51,13
3,54,20
3,55,2
3,57,17
3,58,13
3,59,10
3,60,2
3,62,20
3,63,4
3,67,13
3,69,19
3,72,6
3,73,15
3,74,20
3,75,17
3,80,7
3,82,7
3,83,12
3,85,2
3,86,9
3,87,19
3,92,4
3,93,1
3,97,15
3,99,13
3,100,18
3,105,13
3,106,5
3,108,16
3,113,17
3,115,12
3,120,6
3,122,17
3,125,1
3,127,4
3,128,3
3,129,18
3,133,5
3,136,9
3,138,9
3,139,16
3,140,11
3,143,13
3,147,18
3,149,19
3,151,13
3,152,19
3,153,14
3,154,6
3,156,8
3,157,13
3,160,18
3,163,2
3,164,1
3,165,8
3,166,11
3,168,12
4,5,12
4,6,14
4,12,13
4,14,7
4,15,12
4,19,14
4,20,3
4,23,5
4,25,5
4,26,10
4,27,17
4,30,6
4,31,20
4,32,2
4,34,1
4,38,3
4,40,5
4,41,11
4,45,17
4,46,19
4,47,4
4,49,18
4,53,17
4,55,16
4,61,9
4,63,13
4,64,13
4,66,10
4,67,12
4,71,2
4,79,3
4,83,6
4,84,8
4,87,13
4,88,11
4,89,16
4,92,7
4,93,14
4,96,5
4,98,1
4,100,9
4,106,16
4,108,10
4,109,4
4,111,13
4,120,16
4,123,10
4,124,7
4,125,20
4,128,9
4,129,3
4,131,17
4,132,8
4,134,11
4,137,9
4,144,6
4,146,2
4,149,18
4,150,10
4,152,19
4,153,2
4,154,16
4,155,3
4,159,14
4,161,6
4,163,4
4,164,8
4,165,18
4,166,9
4,169,10
5,6,10
5,7,10
5,12,8
5,13,7
5,14,2
5,16,7
5,18,10
5,20,3
5,21,10
5,22,13
5,24,4
5,25,17
5,27,5
5,28,15
5,31,6
5,32,20
5,35,17
5,36,7
5,37,19
5,38,14
5,42,2
5,43,12
5,44,1
5,45,6
5,46,18
5,47,11
5,48,1
5,49,8
5,50,12
5,51,17
5,52,15
5,53,17
5,55,9
5,56,17
5,58,10
5,61,10
5,64,3
5,68,6
5,70,12
5,72,12
5,73,14
5,74,2
5,77,16
5,81,10
5,82,18
5,83,18
5,84,10
5,86,18
5,87,11
5,90,12
5,91,2
5,93,7
5,95,16
5,98,16
5,102,4
5,105,17
5,108,5
5,109,19
5,111,19
5,112,12
5,115,3
5,119,7
5,121,18
5,123,12
5,125,1
5,126,20
5,127,19
5,128,18
5,131,13
5,132,7
5,133,13
5,136,1
5,138,5
5,140,9
5,141,1
5,142,1
5,144,8
5,147,19
5,149,12
5,150,16
5,151,2
5,153,5
5,154,11
5,156,9
5,158,18
5,160,7
5,161,4
5,162,7
5,163,3
5,165,10
5,166,17
6,7,4
6,9,11
6,16,5
6,18,18
6,20,14
6,22,4
6,25,20
6,26,5
6,29,12
6,30,1
6,31,7
6,34,5
6,35,13
6,36,4
6,38,6
6,42,15
6,52,16
6,53,19
6,55,4
6,58,15
6,60,15
6,61,8
6,63,14
6,64,1
6,66,2
6,67,2
6,68,16
6,69,18
6,70,20
6,71,13
6,72,1
6,73,10
6,76,16
6,80,14
6,82,19
6,87,2
6,89,18
6,90,3
6,91,11
6,92,5
6,96,15
6,102,12
6,104,19
6,105,5
6,108,6
6,109,8
6,110,14
6,111,11
6,113,9
6,114,11
6,115,13
6,118,3
6,120,7
6,121,16
6,125,20
6,126,10
6,127,11
6,131,13
6,132,13
6,134,6
6,135,11
6,136,6
6,137,10
6,140,15
6,143,17
6,146,3
6,147,6
6,148,18
6,151,1
6,154,13
6,155,8
6,157,17
6,158,11
6,159,1
6,160,8
6,161,7
6,162,18
6,163,10
6,164,17
6,165,18
6,166,4
6,167,14
6,168,19
6,169,19
7,9,7
7,10,20
7,15,2
7,17,3
7,18,1
7,21,9
7,24,9
7,25,1
7,30,14
7,31,1
7,34,17
7,35,9
7,38,15
7,39,3
7,42,9
7,44,4
7,47,4
7,48,12
7,51,2
7,52,18
7,56,13
7,57,15
7,62,9
7,65,1
7,70,17
7,75,3
7,76,12
7,77,2
7,81,3
7,83,18
7,84,16
7,86,9
7,87,18
7,88,19
7,95,16
7,96,18
7,99,13
7,101,2
7,102,15
7,104,4
7,105,13
7,107,6
7,108,7
7,111,8
7,112,13
7,116,7
7,118,16
7,119,11
7,120,4
7,121,14
7,122,12
7,126,6
7,127,19
7,132,20
7,134,13
7,135,7
7,136,1
7,137,6
7,141,14
7,142,18
7,143,9
7,147,15
7,151,12
7,152,16
7,156,15
7,157,19
7,159,17
7,160,5
7,161,1
7,165,3
7,167,20
7,168,5
7,169,3
8,14,11
8,15,15
8,18,12
8,20,11
8,21,6
8,22,13
8,23,4
8,24,12
8,25,5
8,26,15
8,28,12
8,29,7
8,30,9
8,32,12
8,33,18
8,35,6
8,36,14
8,39,1
8,43,6
8,44,10
8,45,17
8,46,9
8,47,1
8,50,12
8,51,14
8,55,11
8,59,12
8,63,6
8,65,1
8,67,12
8,69,17
8,70,2
8,75,20
8,76,5
8,80,15
8,83,10
8,86,7
8,88,3
8,90,13
8,91,18
8,92,11
8,93,1
8,95,16
8,97,14
8,98,15
8,101,9
8,102,6
8,103,9
8,104,19
8,105,6
8,108,7
8,114,13
8,115,3
8,117,18
8,118,16
8,119,4
8,120,6
8,123,3
8,126,12
8,127,12
8,132,16
8,133,13
8,135,18
8,137,3
8,138,10
8,139,18
8,140,17
8,142,8
8,143,2
8,146,12
8,147,7
8,148,19
8,151,15
8,152,10
8,156,4
8,157,7
8,158,18
8,159,5
8,160,14
8,162,3
8,165,18
8,166,14
8,168,1
8,169,6
9,10,11
9,11,5
9,13,3
9,17,8
9,20,18
9,29,3
9,30,7
9,31,11
9,33,8
9,39,6
9,42,14
9,43,7
9,44,20
9,45,19
9,46,1
9,48,8
9,49,19
9,51,6
9,54,6
9,59,8
9,61,20
9,62,2
9,63,3
9,64,12
9,67,13
9,68,5
9,71,15
9,76,3
9,79,20
9,83,16
9,84,6
9,86,2
9,89,17
9,91,4
9,92,8
9,93,6
9,94,3
9,97,13
9,98,1
9,99,7
9,102,10
9,104,6
9,107,17
9,117,4
9,118,5
9,123,15
9,124,15
9,128,7
9,129,3
9,131,15
9,132,20
9,133,15
9,136,20
9,137,7
9,138,16
9,139,20
9,141,12
9,143,19
9,146,15
9,147,10
9,148,18
9,150,17
9,152,2
9,158,17
9,161,8
9,162,10
9,169,9
10,12,18
10,15,5
10,21,1
10,23,10
10,24,19
10,25,20
10,26,16
10,27,6
10,29,4
10,30,10
10,32,7
10,33,12
10,36,6
10,37,11
10,39,8
10,40,9
10,43,19
10,45,17
10,47,8
10,51,4
10,52,5
10,53,13
10,56,19
10,59,10
10,60,4
10,61,9
10,62,16
10,63,14
10,64,10
10,66,4
10,67,18
10,69,15
10,70,10
10,73,1
10,74,19
10,75,7
10,76,1
10,79,5
10,80,16
10,81,10
10,83,12
10,84,20
10,85,1
10,86,6
10,88,1
10,91,4
10,94,1
10,99,20
10,100,6
10,101,15
10,104,11
10,105,16
10,106,16
10,107,16
10,111,15
10,112,17
10,113,19
10,114,6
10,115,1
10,119,19
10,120,14
10,121,5
10,122,16
10,124,20
10,126,19
10,128,20
10,129,2
10,130,7
10,131,2
10,133,20
10,134,15
10,135,16
10,136,9
10,138,7
10,139,7
10,140,7
10,142,7
10,146,1
10,147,8
10,150,3
10,154,1
10,155,1
10,156,19
10,160,5
10,161,4
10,163,19
10,167,15
10,168,11
11,12,10
11,17,8
11,18,1
11,20,6
11,22,8
11,27,13
11,28,8
11,29,9
11,30,4
11,33,6
11,38,18
11,39,3
11,40,14
11,46,1
11,50,3
11,51,1
11,54,2
11,57,10
11,58,14
11,59,6
11,60,9
11,61,6
11,63,2
11,64,14
11,65,2
11,66,13
11,67,2
11,73,9
11,74,2
11,76,10
11,78,17
11,80,11
11,83,18
11,84,19
11,85,11
11,87,19
11,90,4
11,94,13
11,99,13
11,101,19
11,105,7
11,108,10
11,109,14
11,112,10
11,113,5
11,115,3
11,117,7
11,120,2
11,122,3
11,123,14
11,124,3
11,126,8
11,129,7
11,131,8
11,132,17
11,136,8
11,137,6
11,143,17
11,144,8
11,145,11
11,147,2
11,149,17
11,153,7
11,154,2
11,156,20
11,157,11
11,159,9
11,167,17
11,168,9
12,13,20
12,15,1
12,16,16
12,18,7
12,19,4
12,21,8
12,22,20
12,24,4
12,30,7
12,32,1
12,33,18
12,37,16
12,39,8
12,42,10
12,44,17
12,49,4
12,50,3
12,51,12
12,54,4
12,55,15
12,56,10
12,62,7
12,64,7
12,65,12
12,67,15
12,68,7
12,69,17
12,71,20
12,73,19
12,78,13
12,82,5
12,87,17
12,88,2
12,89,13
12,93,3
12,94,6
12,97,4
12,98,11
12,100,8
12,103,12
12,106,19
12,107,11
12,108,12
12,110,5
12,115,14
12,116,18
12,117,12
12,118,7
12,119,7
12,121,18
12,124,6
12,125,1
12,127,1
12,128,18
12,129,17
12,130,16
12,132,10
12,133,4
12,135,8
12,138,19
12,141,4
12,142,13
12,143,8
12,144,10
12,147,16
12,148,11
12,150,13
12,151,7
12,152,20
12,153,8
12,154,2
12,157,2
12,158,11
12,162,1
12,166,20
12,167,13
12,168,6
12,169,11
13,14,16
13,17,9
13,18,19
13,19,7
13,20,9
13,21,11
13,22,15
13,23,3
13,24,8
13,25,14
13,27,2
13,28,4
13,33,7
13,36,1
13,38,9
13,40,17
13,41,18
13,42,3
13,44,1
13,46,1
13,47,11
13,52,20
13,53,10
13,58,6
13,61,15
13,62,20
13,63,17
13,65,6
13,66,18
13,67,10
13,69,9
13,70,19
13,71,13
13,75,18
13,77,9
13,78,18
13,79,12
13,81,17
13,82,14
13,85,3
13,87,11
13,88,14
13,91,20
13,95,3
13,96,20
13,97,20
13,99,8
13,101,19
13,103,6
13,105,3
13,109,7
13,110,10
13,115,10
13,116,3
13,117,18
13,118,6
13,119,7
13,121,1
13,122,6
13,123,14
13,126,11
13,127,15
13,128,9
13,132,11
13,133,4
13,134,14
13,136,13
13,137,16
13,138,18
13,139,13
13,146,13
13,149,15
13,152,10
13,153,9
13,155,17
13,156,4
13,158,6
13,167,19
13,169,7
14,15,19
14,16,9
14,18,14
14,20,4
14,22,15
14,24,17
14,27,9
14,28,3
14,29,2
14,31,5
14,32,17
14,34,3
14,37,5
14,38,14
14,41,9
14,42,13
14,44,20
14,46,7
14,47,15
14,50,14
14,52,4
14,53,8
14,58,3
14,59,18
14,60,7
14,61,14
14,62,6
14,64,7
14,66,12
14,67,5
14,68,10
14,70,4
14,71,6
14,72,20
14,73,6
14,74,2
14,75,11
14,76,5
14,77,14
14,78,5
14,80,3
14,81,2
14,83,11
14,85,10
14,88,9
14,90,2
14,91,15
14,94,4
14,97,17
14,98,6
14,99,1
14,100,7
14,101,10
14,102,14
14,103,2
14,104,1
14,105,9
14,106,8
14,108,5
14,109,19
14,110,7
14,111,1
14,112,18
14,113,14
14,117,4
14,119,17
14,120,12
14,123,14
14,129,16
14,130,20
14,132,10
14,134,14
14,135,13
14,136,9
14,137,11
14,140,8
14,141,6
14,142,19
14,144,9
14,145,2
14,146,19
14,147,5
14,148,14
14,149,10
14,150,15
14,151,11
14,152,3
14,156,12
14,157,10
14,160,17
14,162,6
14,163,17
14,164,18
14,165,7
14,167,7
15,17,3
15,18,20
15,22,11
15,23,14
15,25,19
15,27,20
15,28,16
15,29,9
15,30,20
15,31,13
15,32,14
15,33,14
15,34,7
15,35,17
15,37,17
15,39,20
15,40,16
15,41,6
15,44,17
15,45,16
15,46,18
15,48,12
15,49,16
15,51,8
15,52,12
15,53,18
15,57,11
15,59,2
15,60,11
15,62,19
15,63,4
15,64,8
15,65,5
15,67,1
15,69,2
15,70,1
15,72,2
15,73,4
15,74,4
15,75,10
15,77,15
15,81,7
15,82,8
15,83,14
15,85,20
15,86,15
15,88,18
15,89,18
15,91,3
15,93,5
15,94,6
15,96,9
15,98,2
15,99,13
15,105,7
15,106,5
15,107,16
15,110,3
15,114,12
15,115,3
15,117,10
15,120,14
15,126,2
15,128,19
15,131,19
15,132,2
15,134,8
15,138,2
15,140,16
15,142,8
15,145,4
15,149,15
15,151,6
15,152,7
15,153,18
15,154,7
15,157,4
15,158,15
15,164,13
15,166,7
15,169,17
16,18,12
16,19,4
16,20,14
16,21,18
16,23,20
16,24,14
16,25,10
16,26,1
16,27,12
16,29,14
16,30,10
16,31,1
16,34,9
16,35,1
16,36,3
16,38,19
16,39,14
16,40,18
16,41,8
16,44,18
16,47,7
16,51,2
16,53,15
16,54,15
16,59,20
16,61,17
16,62,14
16,63,3
16,65,11
16,66,8
16,67,17
16,69,8
16,71,15
16,75,12
16,78,2
16,81,16
16,83,3
16,87,20
16,89,19
16,91,13
16,93,10
16,94,6
16,95,12
16,97,5
16,98,8
16,100,4
16,101,15
16,102,7
16,105,19
16,106,19
16,107,20
16,110,18
16,111,4
16,126,13
16,132,5
16,133,9
16,134,7
16,135,5
16,140,1
16,142,13
16,143,19
16,144,10
16,148,2
16,150,17
16,151,12
16,153,20
16,154,15
16,156,19
16,159,11
16,160,17
16,163,14
16,165,14
16,166,15
16,169,15
17,25,3
17,26,15
17,27,9
17,30,10
17,32,18
17,34,1
17,37,9
17,39,19
17,40,5
17,41,3
17,42,9
17,44,19
17,45,16
17,47,15
17,48,20
17,51,3
17,56,3
17,57,10
17,58,18
17,60,2
17,61,3
17,68,1
17,69,5
17,79,13
17,81,9
17,90,8
17,91,12
17,92,13
17,93,3
17,94,6
17,95,18
17,96,15
17,97,8
17,101,7
17,102,6
17,103,9
17,105,19
17,108,13
17,110,20
17,115,13
17,116,20
17,117,14
17,120,3
17,122,6
17,125,12
17,129,3
17,132,16
17,133,13
17,135,2
17,136,12
17,137,11
17,138,7
17,139,2
17,148,17
17,154,8
17,155,15
17,156,5
17,160,15
17,162,20
17,163,14
17,167,10
17,168,14
17,169,18
18,19,11
18,20,12
18,21,20
18,22,18
18,26,10
18,27,8
18,29,7
18,31,10
18,34,17
18,35,15
18,36,18
18,38,10
18,39,17
18,41,15
18,42,20
18,43,6
18,45,9
18,46,15
18,47,4
18,49,5
18,51,14
18,53,1
18,54,6
18,55,14
18,56,3
18,57,9
18,60,13
18,61,7
18,63,12
18,66,15
18,68,5
18,70,14
18,73,2
18,75,11
18,78,18
18,80,17
18,81,7
18,83,12
18,86,11
18,88,2
18,90,12
18,91,4
18,93,13
18,95,16
18,99,8
18,103,17
18,105,13
18,106,9
18,108,6
18,109,15
18,110,11
18,113,20
18,114,12
18,115,11
18,116,18
18,118,16
18,120,20
18,121,13
18,123,2
18,124,7
18,127,13
18,131,2
18,132,17
18,134,15
18,135,4
18,136,11
18,137,12
18,141,4
18,144,16
18,147,11
18,151,16
18,152,8
18,155,20
18,158,15
18,159,11
18,160,10
18,162,13
18,163,12
18,164,8
18,165,20
18,169,1
19,26,18
19,27,16
19,28,9
19,29,3
19,30,8
19,32,19
19,33,19
19,35,14
19,39,17
19,41,15
19,42,20
19,44,18
19,46,7
19,47,11
19,48,9
19,51,18
19,52,10
19,53,4
19,57,17
19,58,13
19,61,16
19,63,20
19,66,12
19,67,8
19,70,14
19,72,19
19,74,17
19,76,4
19,78,12
19,79,2
19,81,14
19,82,5
19,83,11
19,86,19
19,87,4
19,90,15
19,92,10
19,93,15
19,95,6
19,97,18
19,98,3
19,99,6
19,100,6
19,101,16
19,103,10
19,107,20
19,108,11
19,109,10
19,110,14
19,112,16
19,113,4
19,114,20
19,117,17
19,119,7
19,121,15
19,122,2
19,123,14
19,124,14
19,125,13
19,126,4
19,127,9
19,130,12
19,131,17
19,134,20
19,136,6
19,137,4
19,138,2
19,141,1
19,142,12
19,143,2
19,144,17
19,146,11
19,147,5
19,151,8
19,153,2
19,154,12
19,155,19
19,156,16
19,157,7
19,158,12
19,165,8
19,167,2
19,168,8
20,23,14
20,24,13
20,26,15
20,28,14
20,29,19
20,31,11
20,35,8
20,36,19
20,37,13
20,39,5
20,40,3
20,41,17
20,42,5
20,45,9
20,46,8
20,47,8
20,49,18
20,55,13
20,57,19
20,58,10
20,61,13
20,63,19
20,65,4
20,66,14
20,69,6
20,70,15
20,71,7
20,75,6
20,77,15
20,78,6
20,80,15
20,82,7
20,83,20
20,85,11
20,94,15
20,96,15
20,97,4
20,99,10
20,100,4
20,101,13
20,103,14
20,105,15
20,107,12
20,110,8
20,112,13
20,117,6
20,118,9
20,119,12
20,121,15
20,123,1
20,127,11
20,128,8
20,137,14
20,139,15
20,141,9
20,142,2
20,143,11
20,145,2
20,146,15
20,147,16
20,150,11
20,153,6
20,154,7
20,155,7
20,156,11
20,159,2
20,160,12
20,161,9
20,162,16
20,166,10
21,23,3
21,24,13
21,28,3
21,29,20
21,30,11
21,32,16
21,33,18
21,35,16
21,36,14
21,38,8
21,39,8
21,42,7
21,46,4
21,47,20
21,51,2
21,55,19
21,60,15
21,61,20
21,62,7
21,64,13
21,65,11
21,66,5
21,68,3
21,69,7
21,70,12
21,72,4
21,74,20
21,75,1
21,78,18
21,81,13
21,82,15
21,83,19
21,87,14
21,88,13
21,90,16
21,91,18
21,93,15
21,94,8
21,100,20
21,102,1
21,104,6
21,105,19
21,107,20
21,108,9
21,111,6
21,112,13
21,113,13
21,115,3
21,118,19
21,120,9
21,122,10
21,123,13
21,127,5
21,133,15
21,135,12
21,137,14
21,138,2
21,142,8
21,143,19
21,145,6
21,146,17
21,147,1
21,150,9
21,153,16
21,155,1
21,157,14
21,159,3
21,160,8
21,161,3
21,162,15
21,163,1
21,164,15
21,166,12
22,24,5
22,25,8
22,27,19
22,30,16
22,33,14
22,39,16
22,40,1
22,41,13
22,47,20
22,48,8
22,49,7
22,50,9
22,51,12
22,52,19
22,55,12
22,56,5
22,60,19
22,65,15
22,66,19
22,68,10
22,70,9
22,75,9
22,77,11
22,78,20
22,79,5
22,83,1
22,85,14
22,90,13
22,91,7
22,92,14
22,94,20
22,95,9
22,98,2
22,100,16
22,101,7
22,103,9
22,105,8
22,106,12
22,107,8
22,108,10
22,109,18
22,110,2
22,111,1
22,112,18
22,113,9
22,114,7
22,116,5
22,118,13
22,121,16
22,124,2
22,126,16
22,130,19
22,131,8
22,132,20
22,136,17
22,137,3
22,139,19
22,141,14
22,142,15
22,143,6
22,144,16
22,145,9
22,146,14
22,148,20
22,149,17
22,153,17
22,155,19
22,159,1
22,161,8
22,165,14
22,167,12
22,169,11
23,24,2
23,26,1
23,27,14
23,28,7
23,29,2
23,31,11
23,32,20
23,33,15
23,35,4
23,36,19
23,43,8
23,48,15
23,52,7
23,54,9
23,56,7
23,57,11
23,60,6
23,61,8
23,62,11
23,65,13
23,66,20
23,67,9
23,71,14
23,72,17
23,73,4
23,74,13
23,77,17
23,80,12
23,83,10
23,85,8
23,86,3
23,87,18
23,88,3
23,89,5
23,92,13
23,93,20
23,94,6
23,97,14
23,100,14
23,105,19
23,106,17
23,111,6
23,113,3
23,115,12
23,117,15
23,118,15
23,119,17
23,120,4
23,122,17
23,123,15
23,124,7
23,126,18
23,127,4
23,129,17
23,130,8
23,133,11
23,135,18
23,136,14
23,137,20
23,139,15
23,141,16
23,142,17
23,143,19
23,144,1
23,146,17
23,147,11
23,151,19
23,152,11
23,153,18
23,154,16
23,158,19
23,159,1
23,162,4
23,163,11
23,164,2
23,165,8
23,166,18
23,169,2
24,27,4
24,28,7
24,30,4
24,33,20
24,34,8
24,36,8
24,40,1
24,42,17
24,46,12
24,49,8
24,50,9
24,51,18
24,53,13
24,55,14
24,57,5
24,60,14
24,61,16
24,62,14
24,66,4
24,67,4
24,68,19
24,69,3
24,72,17
24,73,1
24,74,8
24,76,12
24,77,3
24,78,10
24,80,16
24,81,5
24,82,18
24,84,6
24,86,18
24,90,4
24,96,4
24,98,12
24,100,17
24,104,9
24,107,13
24,111,14
24,113,11
24,120,16
24,121,10
24,124,16
24,126,13
24,128,2
24,129,7
24,132,4
24,133,3
24,135,7
24,136,9
24,137,18
24,139,15
24,140,6
24,142,8
24,144,13
24,145,2
24,146,6
24,148,5
24,149,20
24,150,19
24,151,1
24,156,1
24,157,13
24,162,16
24,164,8
24,169,8
25,27,17
25,28,20
25,31,11
25,32,15
25,35,8
25,36,8
25,37,16
25,38,4
25,42,13
25,43,14
25,45,12
25,48,13
25,50,11
25,51,13
25,53,11
25,56,7
25,59,6
25,60,9
25,61,14
25,65,7
25,68,7
25,70,16
25,71,14
25,76,8
25,77,10
25,78,11
25,79,2
25,80,15
25,84,19
25,87,11
25,89,1
25,91,20
25,93,14
25,94,11
25,95,3
25,96,20
25,97,18
25,99,3
25,100,14
25,103,1
25,104,15
25,106,6
25,107,13
25,108,12
25,109,15
25,111,2
25,112,5
25,114,16
25,115,12
25,116,1
25,121,12
25,123,5
25,126,14
25,127,17
25,129,2
25,130,9
25,134,13
25,136,3
25,137,19
25,143,16
25,144,20
25,147,5
25,152,16
25,153,9
25,154,20
25,158,3
25,159,8
25,160,10
25,161,14
25,162,16
25,164,18
25,165,20
25,166,18
25,169,15
26,29,14
26,31,10
26,33,15
26,34,15
26,36,4
26,39,8
26,42,9
26,43,2
26,45,11
26,46,20
26,48,9
26,52,2
26,53,11
26,55,3
26,56,6
26,57,6
26,59,14
26,60,13
26,62,18
26,63,6
26,65,3
26,68,14
26,72,2
26,74,17
26,75,7
26,76,5
26,77,1
26,79,6
26,81,6
26,82,4
26,86,1
26,87,3
26,88,20
26,91,9
26,92,10
26,93,17
26,96,4
26,99,5
26,101,10
26,103,10
26,104,11
26,108,14
26,109,7
26,112,1
26,114,3
26,115,5
26,117,11
26,119,10
26,120,13
26,121,2
26,124,7
26,125,10
26,127,14
26,129,17
26,130,18
26,132,18
26,135,6
26,139,12
26,141,4
26,142,13
26,145,5
26,147,6
26,149,13
26,150,9
26,151,11
26,154,19
26,156,20
26,158,8
26,163,11
26,165,7
26,166,1
26,167,14
26,168,11
27,32,3
27,35,15
27,36,14
27,38,7
27,39,8
27,40,5
27,42,2
27,44,19
27,48,3
27,49,16
27,50,5
27,54,2
27,56,16
27,59,19
27,61,6
27,62,10
27,67,5
27,68,17
27,69,15
27,70,19
27,71,4
27,74,14
27,78,16
27,80,4
27,81,20
27,82,16
27,84,13
27,85,5
27,88,19
27,89,10
27,94,3
27,97,11
27,99,3
27,100,14
27,102,14
27,103,4
27,104,11
27,108,10
27,109,17
27,111,13
27,115,12
27,117,20
27,118,13
27,119,18
27,121,19
27,126,10
27,127,13
27,128,12
27,131,9
27,134,18
27,135,20
27,136,12
27,138,3
27,140,7
27,143,14
27,146,5
27,147,19
27,148,11
27,154,17
27,155,3
27,157,11
27,158,11
27,160,4
27,162,19
27,164,13
27,165,12
27,167,12
28,29,1
28,30,11
28,32,10
28,33,1
28,34,7
28,35,10
28,37,12
28,38,19
28,39,7
28,41,13
28,42,14
28,46,1
28,49,20
28,51,5
28,54,13
28,55,17
28,57,18
28,59,13
28,60,7
28,62,7
28,63,7
28,64,17
28,66,8
28,69,11
28,73,4
28,75,16
28,78,2
28,79,16
28,80,17
28,81,8
28,82,1
28,85,16
28,86,3
28,87,20
28,88,20
28,90,11
28,91,8
28,93,15
28,95,15
28,96,20
28,97,7
28,98,15
28,100,19
28,101,20
28,102,2
28,103,16
28,104,11
28,106,7
28,107,10
28,108,10
28,116,20
28,118,17
28,120,8
28,121,4
28,122,1
28,124,5
28,125,1
28,127,4
28,128,12
28,136,6
28,137,16
28,138,1
28,140,1
28,141,9
28,143,15
28,145,15
28,147,18
28,148,10
28,150,16
28,151,10
28,153,20
28,154,17
28,156,5
28,157,19
28,159,4
28,168,12
28,169,2
29,31,9
29,34,17
29,35,16
29,38,20
29,40,20
29,42,8
29,43,13
29,46,3
29,47,13
29,48,2
29,49,7
29,50,16
29,52,16
29,54,19
29,56,6
29,58,11
29,59,19
29,60,5
29,64,14
29,70,9
29,71,18
29,72,5
29,73,14
29,76,1
29,79,9
29,80,19
29,81,20
29,82,7
29,83,11
29,85,9
29,86,14
29,89,6
29,91,6
29,92,4
29,95,15
29,98,19
29,101,14
29,104,17
29,105,1
29,107,13
29,110,19
29,111,14
29,113,10
29,116,5
29,117,18
29,122,18
29,125,12
29,126,5
29,127,3
29,134,6
29,135,20
29,136,4
29,137,7
29,139,7
29,140,7
29,141,8
29,143,15
29,145,13
29,146,6
29,147,20
29,150,18
29,151,19
29,153,13
29,154,3
29,156,13
29,161,16
29,163,12
29,164,13
29,165,4
29,166,7
29,169,17
30,31,19
30,33,17
30,34,10
30,35,19
30,36,1
30,38,7
30,39,18
30,41,13
30,44,19
30,45,5
30,47,12
30,48,18
30,49,2
30,50,3
30,51,20
30,52,11
30,53,6
30,55,13
30,58,12
30,59,11
30,60,16
30,62,1
30,69,2
30,71,7
30,72,6
30,73,2
30,74,11
30,77,17
30,78,3
30,82,11
30,84,15
30,87,13
30,90,17
30,96,18
30,97,7
30,98,13
30,101,10
30,103,20
30,104,18
30,110,15
30,111,20
30,113,1
30,114,14
30,115,15
30,117,19
30,120,16
30,121,4
30,125,13
30,128,7
30,131,14
30,132,10
30,133,16
30,134,8
30,136,9
30,137,2
30,139,17
30,141,19
30,142,3
30,144,17
30,147,13
30,149,3
30,150,1
30,151,13
30,152,15
30,153,3
30,157,6
30,158,11
30,159,1
30,164,10
30,165,19
31,32,5
31,34,12
31,35,13
31,36,14
31,37,2
31,41,12
31,42,9
31,43,5
31,45,15
31,51,19
31,52,7
31,53,18
31,54,2
31,55,1
31,57,15
31,59,16
31,61,15
31,63,17
31,66,10
31,67,9
31,69,14
31,70,15
31,73,8
31,74,1
31,75,14
31,79,16
31,80,5
31,82,10
31,83,18
31,86,1
31,87,1
31,88,5
31,89,20
31,91,4
31,93,1
31,95,5
31,96,16
31,97,16
31,100,4
31,101,17
31,102,9
31,103,2
31,104,5
31,105,1
31,106,16
31,107,12
31,109,11
31,110,10
31,111,6
31,112,12
31,113,4
31,118,16
31,120,18
31,123,2
31,127,19
31,128,8
31,129,4
31,130,16
31,131,18
31,132,1
31,135,5
31,137,10
31,142,5
31,144,14
31,145,11
31,146,18
31,149,4
31,150,6
31,152,8
31,157,8
31,159,19
31,161,3
31,165,8
31,166,6
31,167,14
32,33,11
32,37,9
32,40,10
32,41,19
32,42,20
32,43,12
32,44,13
32,45,8
32,49,19
32,51,16
32,52,16
32,53,20
32,55,19
32,56,10
32,59,7
32,61,11
32,64,19
32,68,3
32,71,15
32,72,4
32,73,18
32,74,15
32,76,5
32,84,12
32,85,14
32,89,18
32,90,6
32,91,4
32,92,15
32,94,16
32,96,17
32,97,20
32,100,19
32,104,4
32,105,18
32,106,4
32,107,7
32,112,10
32,115,3
32,116,18
32,117,8
32,118,6
32,123,4
32,124,10
32,125,6
32,126,8
32,127,9
32,129,7
32,131,18
32,133,5
32,134,20
32,135,9
32,139,3
32,141,10
32,143,2
32,144,17
32,147,15
32,151,18
32,154,12
32,155,11
32,156,2
32,158,11
32,160,2
32,161,7
32,163,5
32,166,20
32,168,1
33,34,10
33,35,3
33,36,13
33,41,4
33,42,13
33,43,18
33,45,10
33,48,3
33,51,18
33,53,11
33,54,8
33,55,5
33,56,20
33,58,6
33,59,12
33,61,19
33,64,5
33,65,8
33,67,3
33,69,2
33,71,3
33,72,20
33,74,12
33,77,5
33,79,17
33,80,2
33,81,7
33,82,15
33,84,16
33,85,7
33,87,5
33,89,12
33,92,10
33,94,6
33,98,20
33,110,18
33,112,2
33,113,16
33,114,5
33,115,1
33,116,12
33,117,13
33,120,12
33,121,16
33,122,14
33,123,20
33,126,4
33,128,8
33,132,2
33,133,5
33,134,2
33,135,8
33,137,4
33,138,14
33,139,20
33,141,4
33,142,19
33,146,5
33,148,14
33,149,3
33,150,11
33,152,9
33,156,2
33,157,4
33,158,11
33,159,20
33,160,17
33,166,12
33,167,8
34,36,3
34,37,8
34,43,19
34,44,2
34,45,2
34,46,2
34,49,9
34,50,7
34,51,20
34,53,8
34,56,15
34,58,13
34,59,13
34,62,16
34,63,13
34,64,12
34,66,10
34,67,2
34,68,14
34,76,2
34,78,15
34,79,13
34,80,1
34,82,1
34,83,2
34,84,12
34,85,1
34,86,12
34,87,13
34,89,17
34,91,7
34,95,7
34,96,16
34,97,7
34,98,19
34,103,3
34,107,11
34,109,12
34,111,10
34,114,19
34,116,15
34,117,2
34,118,1
34,119,10
34,121,3
34,122,15
34,123,19
34,124,6
34,126,1
34,127,4
34,129,14
34,131,4
34,134,11
34,135,1
34,136,19
34,137,18
34,138,14
34,141,2
34,142,20
34,145,13
34,147,6
34,150,14
34,151,4
34,153,18
34,155,1
34,157,11
34,158,18
34,161,18
34,162,2
34,163,6
34,164,13
34,167,6
34,169,11
35,36,7
35,37,4
35,38,18
35,42,10
35,43,18
35,47,10
35,48,12
35,49,11
35,52,10
35,53,18
35,55,15
35,56,3
35,57,5
35,58,15
35,59,5
35,61,14
35,64,12
35,72,4
35,75,14
35,77,17
35,78,20
35,81,7
35,83,13
35,84,19
35,86,1
35,88,8
35,89,10
35,90,15
35,91,10
35,92,4
35,93,16
35,97,8
35,99,20
35,100,7
35,101,20
35,104,13
35,108,16
35,110,9
35,111,2
35,113,7
35,115,19
35,116,10
35,119,20
35,124,11
35,130,15
35,131,6
35,134,14
35,135,17
35,138,8
35,141,11
35,142,2
35,143,6
35,146,1
35,148,3
35,151,9
35,152,11
35,155,2
35,161,20
35,163,13
35,164,15
35,167,19
35,168,7
35,169,10
36,37,4
36,38,18
36,39,20
36,40,11
36,41,20
36,43,18
36,44,19
36,46,15
36,49,11
36,51,11
36,52,18
36,54,17
36,55,20
36,58,5
36,60,19
36,63,4
36,64,5
36,65,13
36,68,12
36,69,12
36,73,18
36,78,15
36,81,15
36,82,6
36,84,14
36,86,15
36,87,4
36,88,19
36,89,4
36,91,11
36,95,18
36,96,11
36,97,16
36,98,13
36,100,9
36,105,6
36,109,18
36,115,10
36,116,6
36,121,3
36,122,12
36,123,10
36,126,9
36,127,1
36,128,13
36,131,13
36,135,14
36,136,20
36,137,8
36,138,10
36,140,7
36,141,4
36,142,5
36,146,7
36,148,20
36,149,13
36,150,17
36,155,4
36,156,3
36,157,3
36,159,15
36,162,3
36,166,11
36,167,1
37,39,11
37,40,19
37,43,15
37,44,4
37,45,14
37,47,2
37,48,7
37,50,8
37,53,11
37,57,11
37,59,18
37,71,15
37,72,8
37,73,7
37,76,13
37,77,16
37,78,19
37,80,14
37,83,2
37,86,8
37,87,17
37,93,11
37,96,13
37,98,14
37,99,19
37,105,9
37,109,4
37,112,10
37,113,1
37,114,7
37,115,20
37,118,10
37,123,14
37,124,5
37,125,6
37,128,4
37,129,9
37,131,10
37,134,12
37,137,8
37,140,15
37,142,18
37,147,9
37,149,8
37,150,5
37,151,3
37,158,3
37,160,15
37,162,1
37,163,15
37,165,5
37,167,7
38,39,20
38,41,10
38,44,5
38,45,16
38,46,11
38,51,1
38,52,7
38,53,14
38,54,13
38,55,12
38,56,15
38,57,3
38,58,6
38,59,12
38,60,14
38,61,7
38,63,13
38,65,8
38,67,3
38,69,5
38,70,15
38,80,2
38,83,18
38,85,11
38,87,15
38,93,12
38,96,17
38,97,18
38,99,12
38,101,10
38,102,19
38,103,1
38,106,5
38,107,13
38,108,13
38,113,17
38,114,11
38,115,13
38,116,16
38,119,12
38,122,13
38,123,2
38,124,19
38,126,12
38,127,15
38,129,9
38,131,13
38,136,15
38,139,2
38,141,3
38,142,11
38,144,18
38,145,5
38,146,1
38,147,7
38,151,2
38,152,13
38,153,18
38,155,5
38,156,16
38,167,18
38,168,9
38,169,16
39,41,2
39,43,3
39,48,5
39,51,15
39,52,13
39,56,20
39,57,3
39,64,9
39,67,10
39,71,16
39,72,6
39,74,15
39,76,16
39,77,9
39,79,9
39,80,10
39,82,3
39,83,17
39,84,2
39,86,19
39,90,14
39,92,3
39,94,18
39,96,16
39,97,4
39,98,13
39,99,20
39,102,3
39,103,2
39,104,10
39,107,16
39,108,8
39,109,1
39,110,1
39,112,5
39,113,8
39,115,10
39,116,1
39,121,6
39,123,15
39,125,3
39,126,20
39,127,2
39,129,3
39,135,8
39,137,9
39,138,17
39,139,16
39,140,5
39,141,4
39,142,19
39,143,19
39,145,19
39,146,4
39,147,16
39,148,4
39,150,6
39,152,15
39,153,16
39,154,5
39,157,9
39,160,14
39,161,19
39,162,12
39,163,11
39,164,16
39,166,18
40,41,13
40,43,6
40,47,12
40,48,2
40,51,17
40,54,2
40,58,20
40,60,6
40,63,15
40,66,2
40,67,16
40,69,2
40,70,20
40,71,17
40,72,7
40,73,12
40,74,8
40,76,8
40,85,15
40,86,16
40,88,17
40,90,13
40,93,10
40,94,3
40,98,19
40,100,2
40,101,8
40,104,3
40,106,3
40,110,12
40,112,9
40,115,11
40,118,15
40,121,1
40,122,12
40,125,5
40,126,13
40,127,9
40,130,8
40,132,10
40,133,14
40,136,12
40,138,2
40,142,8
40,144,8
40,145,12
40,147,3
40,148,10
40,151,10
40,154,8
40,156,3
40,158,13
40,160,15
40,161,7
40,162,3
40,163,5
40,164,20
40,166,17
40,167,2
41,42,15
41,43,20
41,45,18
41,48,5
41,51,10
41,53,18
41,55,10
41,56,3
41,59,2
41,60,15
41,67,17
41,68,14
41,69,8
41,70,6
41,71,15
41,78,9
41,79,2
41,80,19
41,81,7
41,83,10
41,84,15
41,86,19
41,87,17
41,89,8
41,91,16
41,98,9
41,101,15
41,105,2
41,107,14
41,109,12
41,111,8
41,113,19
41,114,4
41,115,17
41,116,12
41,121,10
41,125,9
41,128,12
41,129,6
41,133,8
41,134,14
41,137,9
41,138,13
41,139,20
41,140,8
41,142,13
41,143,16
41,144,6
41,145,20
41,146,3
41,147,9
41,148,7
41,150,20
41,153,16
41,154,6
41,155,15
41,157,6
41,159,6
41,162,2
41,166,1
41,169,18
42,44,5
42,46,5
42,47,13
42,50,8
42,51,17
42,61,8
42,64,16
42,65,1
42,66,2
42,68,7
42,69,16
42,70,2
42,71,11
42,73,1
42,74,6
42,75,13
42,77,11
42,79,17
42,80,4
42,81,11
42,87,9
42,88,7
42,90,17
42,92,19
42,94,14
42,97,16
42,99,6
42,101,1
42,102,2
42,106,9
42,109,18
42,115,13
42,116,12
42,117,10
42,118,14
42,119,12
42,120,17
42,122,13
42,123,10
42,124,7
42,126,5
42,128,8
42,131,2
42,134,5
42,136,15
42,137,3
42,140,15
42,144,16
42,145,3
42,146,6
42,147,8
42,148,20
42,149,6
42,150,3
42,151,4
42,153,8
42,154,1
42,158,5
42,162,13
43,44,5
43,45,6
43,47,10
43,49,7
43,52,6
43,53,6
43,54,12
43,55,9
43,58,1
43,61,18
43,65,11
43,68,19
43,69,13
43,72,10
43,73,3
43,74,13
43,75,1
43,76,14
43,78,2
43,79,17
43,87,14
43,89,12
43,92,20
43,93,10
43,94,3
43,95,15
43,96,11
43,97,20
43,98,15
43,99,2
43,100,20
43,102,4
43,110,3
43,111,13
43,113,15
43,115,14
43,120,11
43,124,18
43,125,19
43,127,4
43,128,18
43,129,12
43,131,9
43,133,9
43,139,18
43,140,3
43,141,3
43,142,7
43,144,13
43,145,4
43,146,8
43,147,10
43,148,16
43,149,9
43,151,4
43,152,13
43,153,4
43,154,13
43,156,20
43,157,7
43,161,12
43,164,6
43,165,1
43,167,10
43,168,11
43,169,20
44,45,11
44,46,16
44,50,3
44,51,3
44,52,2
44,56,19
44,57,10
44,58,6
44,61,20
44,64,8
44,66,17
44,70,15
44,72,18
44,73,13
44,74,18
44,75,10
44,77,11
44,79,7
44,82,18
44,83,2
44,84,12
44,87,20
44,88,17
44,90,5
44,91,11
44,92,12
44,94,13
44,96,6
44,97,1
44,98,18
44,99,15
44,100,13
44,104,7
44,106,12
44,108,16
44,109,20
44,112,18
44,114,12
44,115,14
44,119,1
44,121,6
44,122,15
44,123,13
44,124,10
44,126,17
44,129,19
44,130,12
44,131,14
44,135,18
44,136,20
44,137,14
44,140,17
44,142,1
44,145,16
44,146,20
44,148,14
44,151,3
44,153,20
44,154,15
44,158,20
44,159,7
44,161,9
44,163,6
44,164,15
44,166,5
44,169,3
45,50,11
45,51,3
45,52,13
45,55,13
45,57,7
45,58,15
45,61,18
45,62,10
45,64,1
45,65,11
45,66,17
45,68,9
45,70,10
45,71,11
45,72,6
45,73,9
45,78,10
45,81,13
45,85,2
45,86,10
45,88,18
45,91,4
45,93,19
45,96,5
45,98,19
45,99,12
45,100,13
45,102,16
45,104,11
45,108,15
45,110,9
45,114,16
45,115,10
45,118,1
45,119,3
45,122,20
45,126,12
45,128,15
45,131,1
45,132,14
45,134,4
45,135,1
45,137,11
45,139,9
45,144,1
45,146,10
45,148,1
45,149,14
45,152,20
45,153,20
45,154,19
45,155,20
45,156,11
45,158,3
45,159,10
45,161,19
45,162,9
45,164,1
45,165,16
45,166,17
45,167,1
45,168,6
45,169,13
46,47,10
46,48,14
46,54,19
46,55,17
46,57,14
46,58,13
46,59,5
46,61,10
46,64,15
46,65,20
46,66,4
46,68,5
46,69,18
46,71,3
46,78,12
46,79,4
46,85,8
46,89,19
46,92,9
46,93,6
46,97,19
46,99,9
46,100,16
46,103,16
46,104,2
46,105,8
46,108,14
46,111,7
46,112,6
46,115,3
46,116,20
46,119,7
46,120,14
46,122,12
46,123,4
46,126,4
46,129,20
46,130,2
46,132,4
46,136,17
46,137,2
46,138,4
46,141,8
46,142,2
46,146,17
46,147,14
46,148,4
46,149,11
46,151,10
46,152,20
46,153,4
46,156,11
46,160,19
46,161,18
46,163,14
46,166,3
46,167,18
47,51,7
47,52,18
47,54,17
47,55,19
47,56,20
47,60,3
47,62,17
47,64,19
47,65,17
47,67,8
47,68,14
47,70,9
47,71,17
47,75,1
47,76,8
47,77,4
47,79,17
47,80,19
47,81,4
47,82,20
47,85,5
47,86,12
47,88,20
47,90,11
47,93,5
47,96,5
47,97,1
47,100,19
47,101,15
47,102,9
47,104,2
47,105,4
47,109,14
47,111,18
47,112,16
47,113,12
47,114,18
47,115,8
47,116,14
47,117,5
47,118,9
47,120,3
47,121,17
47,122,1
47,123,7
47,125,15
47,126,20
47,127,18
47,129,19
47,130,15
47,132,1
47,135,5
47,136,1
47,142,7
47,144,1
47,145,17
47,155,4
47,157,16
47,158,6
47,159,4
47,160,18
47,162,20
47,164,15
47,168,7
48,51,15
48,52,16
48,55,14
48,56,8
48,58,10
48,59,19
48,60,3
48,61,7
48,63,1
48,64,11
48,65,16
48,67,8
48,68,20
48,69,12
48,70,12
48,71,13
48,73,6
48,74,13
48,75,1
48,76,5
48,77,1
48,78,16
48,80,2
48,82,19
48,83,17
48,84,12
48,86,14
48,87,19
48,89,6
48,91,3
48,93,2
48,95,9
48,97,10
48,98,16
48,99,19
48,100,3
48,101,14
48,102,3
48,106,6
48,109,12
48,114,13
48,117,11
48,119,14
48,120,13
48,122,1
48,127,1
48,129,17
48,131,19
48,134,12
48,135,14
48,136,16
48,138,13
48,140,20
48,141,2
48,142,14
48,145,10
48,146,5
48,147,3
48,148,14
48,151,16
48,154,2
48,155,12
48,159,20
48,163,4
48,164,2
48,165,4
48,167,8
48,169,6
49,50,14
49,51,18
49,52,19
49,53,3
49,56,3
49,57,20
49,58,14
49,59,6
49,62,20
49,63,18
49,64,12
49,65,13
49,66,2
49,69,19
49,70,6
49,71,6
49,76,16
49,80,4
49,83,4
49,84,20
49,85,7
49,86,11
49,87,2
49,88,6
49,93,5
49,96,10
49,98,6
49,101,8
49,102,17
49,106,19
49,108,14
49,109,6
49,110,17
49,112,10
49,113,14
49,114,5
49,120,3
49,124,18
49,125,20
49,126,9
49,127,20
49,128,18
49,130,17
49,131,1
49,132,12
49,133,2
49,135,4
49,136,18
49,140,9
49,142,20
49,143,5
49,144,12
49,145,2
49,147,20
49,148,12
49,149,8
49,150,9
49,152,3
49,153,8
49,154,3
49,156,13
49,158,13
49,159,10
49,160,7
49,162,7
49,166,3
49,168,9
50,53,8
50,54,20
50,59,17
50,63,19
50,64,6
50,65,18
50,66,6
50,69,8
50,70,8
50,71,7
50,74,5
50,75,17
50,76,2
50,90,14
50,91,7
50,92,11
50,94,20
50,96,16
50,98,14
50,103,6
50,106,6
50,108,20
50,114,7
50,115,19
50,116,19
50,117,10
50,118,18
50,120,19
50,121,19
50,122,12
50,123,13
50,124,9
50,125,8
50,126,3
50,132,6
50,133,1
50,134,12
50,136,1
50,137,6
50,138,19
50,139,1
50,140,11
50,141,17
50,142,2
50,143,14
50,145,20
50,146,2
50,152,3
50,155,14
50,157,17
50,158,11
50,159,14
50,160,14
50,161,18
50,162,6
50,164,9
50,165,18
50,168,1
51,53,11
51,56,3
51,59,9
51,61,19
51,62,16
51,63,18
51,64,18
51,67,4
51,70,7
51,72,8
51,75,8
51,78,15
51,80,14
51,81,3
51,82,13
51,85,13
51,86,7
51,88,3
51,90,7
51,93,10
51,94,16
51,96,6
51,97,13
51,99,18
51,102,3
51,103,3
51,104,19
51,105,12
51,108,19
51,109,8
51,112,9
51,113,19
51,114,4
51,123,19
51,124,13
51,125,19
51,127,10
51,128,8
51,129,8
51,131,16
51,135,5
51,137,9
51,138,11
51,141,7
51,142,11
51,143,5
51,147,9
51,149,20
51,150,17
51,151,3
51,152,11
51,153,13
51,154,10
51,155,7
51,159,13
51,162,18
51,163,6
51,164,16
51,165,12
51,167,13
51,168,7
51,169,16
52,53,5
52,57,15
52,60,14
52,62,7
52,63,19
52,64,20
52,65,7
52,66,14
52,68,6
52,70,6
52,71,13
52,73,12
52,78,8
52,79,1
52,80,20
52,81,17
52,82,5
52,83,8
52,84,19
52,86,20
52,88,11
52,90,9
52,95,1
52,96,10
52,97,14
52,98,11
52,101,12
52,103,13
52,106,20
52,115,14
52,116,5
52,117,1
52,119,17
52,123,16
52,124,14
52,125,3
52,126,9
52,127,2
52,130,18
52,133,2
52,134,13
52,135,20
52,138,2
52,139,4
52,140,1
52,141,12
52,143,20
52,144,5
52,146,5
52,147,4
52,150,19
52,151,16
52,153,13
52,156,17
52,160,9
52,161,19
52,162,9
52,163,4
52,164,9
52,165,17
52,166,18
52,167,19
52,169,15
53,54,15
53,55,6
53,56,4
53,58,9
53,59,14
53,64,8
53,66,14
53,72,16
53,76,2
53,78,18
53,79,19
53,81,17
53,82,7
53,84,17
53,85,11
53,92,6
53,93,13
53,94,5
53,95,14
53,96,15
53,98,16
53,99,5
53,103,19
53,104,9
53,107,2
53,109,12
53,110,3
53,111,10
53,112,8
53,114,18
53,116,2
53,117,3
53,120,5
53,121,1
53,122,11
53,126,13
53,127,6
53,131,4
53,132,6
53,133,8
53,135,13
53,138,2
53,139,1
53,140,10
53,141,11
53,142,2
53,147,13
53,149,8
53,151,5
53,153,19
53,154,10
53,156,8
53,161,6
53,162,18
53,165,17
53,167,10
53,168,9
53,169,14
54,56,4
54,57,9
54,58,12
54,59,7
54,62,1
54,63,17
54,65,2
54,66,11
54,68,9
54,70,20
54,71,20
54,73,18
54,74,19
54,75,13
54,77,20
54,78,10
54,81,4
54,82,5
54,83,9
54,84,13
54,85,4
54,86,16
54,87,4
54,88,20
54,89,12
54,90,17
54,92,1
54,93,13
54,95,17
54,96,10
54,100,7
54,101,15
54,103,2
54,104,10
54,105,15
54,106,15
54,108,16
54,110,4
54,111,5
54,113,8
54,114,19
54,117,15
54,118,20
54,119,4
54,120,14
54,121,20
54,122,18
54,124,2
54,127,9
54,129,16
54,130,5
54,131,4
54,132,3
54,134,9
54,135,5
54,136,12
54,137,12
54,138,12
54,141,6
54,143,20
54,144,3
54,146,20
54,147,6
54,148,5
54,149,20
54,151,16
54,156,17
54,157,8
54,158,10
54,160,10
54,161,5
54,163,12
54,166,5
55,56,18
55,57,20
55,58,13
55,60,13
55,61,7
55,62,9
55,63,13
55,64,8
55,66,20
55,67,7
55,68,19
55,70,2
55,71,19
55,73,14
55,75,7
55,76,6
55,77,3
55,79,19
55,84,6
55,86,19
55,87,13
55,91,19
55,92,9
55,93,15
55,95,2
55,96,11
55,105,14
55,106,14
55,107,7
55,108,14
55,109,2
55,112,6
55,115,11
55,117,16
55,118,7
55,121,15
55,122,8
55,124,5
55,125,16
55,127,7
55,128,15
55,129,13
55,133,17
55,134,15
55,135,9
55,136,8
55,138,3
55,140,9
55,141,13
55,147,10
55,149,9
55,150,20
55,151,12
55,152,12
55,153,3
55,154,8
55,155,14
55,157,3
55,158,19
55,159,16
55,160,18
55,161,12
55,162,9
55,163,20
55,165,5
55,166,7
55,167,13
55,168,13
56,58,4
56,59,10
56,61,11
56,65,18
56,66,18
56,72,9
56,73,14
56,76,15
56,77,5
56,80,10
56,82,6
56,87,5
56,88,2
56,89,5
56,92,12
56,93,15
56,95,19
56,99,8
56,100,2
56,101,4
56,102,18
56,103,20
56,107,4
56,108,7
56,109,14
56,110,5
56,113,16
56,115,1
56,119,8
56,122,7
56,123,13
56,124,8
56,126,4
56,128,1
56,129,10
56,130,14
56,131,5
56,135,12
56,136,6
56,137,7
56,138,19
56,139,6
56,148,12
56,154,10
56,155,12
56,156,11
56,158,1
56,160,7
56,161,17
56,162,19
56,165,2
56,166,9
56,167,15
56,169,10
57,62,12
57,63,19
57,66,3
57,67,11
57,69,10
57,71,15
57,74,12
57,75,16
57,77,5
57,78,12
57,79,17
57,80,18
57,82,12
57,85,14
57,86,18
57,87,11
57,88,15
57,90,15
57,94,4
57,95,4
57,96,6
57,100,20
57,101,3
57,102,5
57,103,3
57,105,7
57,107,5
57,108,9
57,109,3
57,110,17
57,113,17
57,114,7
57,115,7
57,116,5
57,117,4
57,119,19
57,120,15
57,121,7
57,122,20
57,123,16
57,127,16
57,132,6
57,134,6
57,136,18
57,141,15
57,146,20
57,148,1
57,151,9
57,153,16
57,154,9
57,155,3
57,156,14
57,159,2
57,161,10
57,162,16
57,163,3
57,167,17
57,168,10
58,61,4
58,64,10
58,67,17
58,68,5
58,69,4
58,70,20
58,73,16
58,75,3
58,80,17
58,81,5
58,83,13
58,87,2
58,89,11
58,90,10
58,93,8
58,95,5
58,98,14
58,99,10
58,100,10
58,103,4
58,106,5
58,110,11
58,111,12
58,112,20
58,114,7
58,118,14
58,119,7
58,122,16
58,123,12
58,126,6
58,128,13
58,130,10
58,131,19
58,132,2
58,141,10
58,142,1
58,143,12
58,144,17
58,145,2
58,148,3
58,150,10
58,151,20
58,154,8
58,155,8
58,156,16
58,158,11
58,159,18
58,162,15
58,163,6
58,164,13
59,60,6
59,61,2
59,63,14
59,66,5
59,67,19
59,69,19
59,70,19
59,71,8
59,75,11
59,76,19
59,77,20
59,79,8
59,80,17
59,86,19
59,90,5
59,91,3
59,93,20
59,95,1
59,96,18
59,97,18
59,98,11
59,101,9
59,103,19
59,104,5
59,106,1
59,107,1
59,111,15
59,112,4
59,113,15
59,114,5
59,115,15
59,116,7
59,118,19
59,119,15
59,120,7
59,121,11
59,122,1
59,125,15
59,128,3
59,129,13
59,131,18
59,137,9
59,138,16
59,139,16
59,140,20
59,141,19
59,142,4
59,143,2
59,144,11
59,148,2
59,154,18
59,156,6
59,161,16
59,162,20
59,164,4
59,166,9
59,167,5
59,169,17
60,61,10
60,62,10
60,63,1
60,65,14
60,70,19
60,71,11
60,72,2
60,73,16
60,76,19
60,77,6
60,78,9
60,80,6
60,83,8
60,85,17
60,90,7
60,91,6
60,93,16
60,94,8
60,95,15
60,98,20
60,100,15
60,102,16
60,106,15
60,112,14
60,113,1
60,117,13
60,119,1
60,120,8
60,121,13
60,122,20
60,123,7
60,124,3
60,125,3
60,127,18
60,129,2
60,130,20
60,131,13
60,132,13
60,133,8
60,136,12
60,137,8
60,140,10
60,145,6
60,146,14
60,150,6
60,151,10
60,152,7
60,153,19
60,154,11
60,158,7
60,159,6
60,161,5
60,168,9
61,63,5
61,64,10
61,68,20
61,69,20
61,70,3
61,71,14
61,72,7
61,73,9
61,75,6
61,76,12
61,77,11
61,79,11
61,80,4
61,81,8
61,82,2
61,84,11
61,86,6
61,87,7
61,89,14
61,90,13
61,92,3
61,93,3
61,94,18
61,95,19
61,96,14
61,97,18
61,99,15
61,100,3
61,102,19
61,103,1
61,105,17
61,110,6
61,111,11
61,114,11
61,115,17
61,117,3
61,118,9
61,119,2
61,123,2
61,125,20
61,128,14
61,130,6
61,133,12
61,135,4
61,139,5
61,140,2
61,143,15
61,145,17
61,146,10
61,149,15
61,150,17
61,151,9
61,152,5
61,156,12
61,158,7
61,160,20
61,163,19
61,164,10
61,168,8
61,169,10
62,63,2
62,64,7
62,66,3
62,67,8
62,68,7
62,77,8
62,78,10
62,79,12
62,80,8
62,81,3
62,82,4
62,86,6
62,94,19
62,96,4
62,98,1
62,100,4
62,102,5
62,103,2
62,105,16
62,108,18
62,109,13
62,110,8
62,111,11
62,112,20
62,113,3
62,115,13
62,118,6
62,119,1
62,123,4
62,124,10
62,125,17
62,127,6
62,129,1
62,130,16
62,132,3
62,133,13
62,134,10
62,135,15
62,136,10
62,137,19
62,138,4
62,140,6
62,142,19
62,143,15
62,146,18
62,148,16
62,150,16
62,152,2
62,154,7
62,156,4
62,162,8
62,163,20
62,168,3
63,64,18
63,65,14
63,66,10
63,69,15
63,71,7
63,75,15
63,77,8
63,79,10
63,80,5
63,88,9
63,89,1
63,93,4
63,98,13
63,99,20
63,104,17
63,107,13
63,108,7
63,109,7
63,112,6
63,113,19
63,116,5
63,117,18
63,119,6
63,121,4
63,123,1
63,125,1
63,126,8
63,132,4
63,133,5
63,135,20
63,137,12
63,141,12
63,145,12
63,148,9
63,149,4
63,151,4
63,152,3
63,154,18
63,155,9
63,156,16
63,158,1
63,159,6
63,160,17
63,161,2
63,162,16
63,164,20
63,165,2
63,168,12
64,65,14
64,66,6
64,67,3
64,68,15
64,71,12
64,75,6
64,76,14
64,77,18
64,80,19
64,81,4
64,82,17
64,84,13
64,85,19
64,86,8
64,87,3
64,88,10
64,89,17
64,93,14
64,96,11
64,98,18
64,100,12
64,101,12
64,102,2
64,103,12
64,107,15
64,110,15
64,112,6
64,113,7
64,119,13
64,120,15
64,123,18
64,124,14
64,126,13
64,129,19
64,130,8
64,133,19
64,134,6
64,136,19
64,138,20
64,141,3
64,142,13
64,144,1
64,145,17
64,146,1
64,147,8
64,149,12
64,150,4
64,151,17
64,154,11
64,156,12
64,157,15
64,159,8
64,160,9
64,162,17
64,163,12
64,164,17
64,166,5
64,168,18
64,169,11
65,67,16
65,69,15
65,74,5
65,75,18
65,76,20
65,77,19
65,78,10
65,79,1
65,80,17
65,81,8
65,83,2
65,89,14
65,90,13
65,91,4
65,94,4
65,95,15
65,96,17
65,98,19
65,99,15
65,101,3
65,104,16
65,109,14
65,112,8
65,113,10
65,115,16
65,117,12
65,120,16
65,121,9
65,123,1
65,125,13
65,127,8
65,128,6
65,130,11
65,132,2
65,133,15
65,134,14
65,136,6
65,139,2
65,142,9
65,143,4
65,144,7
65,146,4
65,147,19
65,148,14
65,150,17
65,151,10
65,153,20
65,155,6
65,156,4
65,157,10
65,158,4
65,160,14
65,161,11
65,162,9
65,163,8
65,166,12
65,169,4
66,69,7
66,72,10
66,77,9
66,78,5
66,79,19
66,80,15
66,81,17
66,82,16
66,87,16
66,88,7
66,89,20
66,90,19
66,92,7
66,93,3
66,94,2
66,96,13
66,100,3
66,101,17
66,102,5
66,103,20
66,104,8
66,106,20
66,107,14
66,108,13
66,110,1
66,111,17
66,112,14
66,113,19
66,115,4
66,116,16
66,118,16
66,119,1
66,121,2
66,123,6
66,125,19
66,128,2
66,134,13
66,137,12
66,140,6
66,141,11
66,143,4
66,144,1
66,146,13
66,147,5
66,149,16
66,152,5
66,155,6
66,158,20
66,160,5
66,161,17
66,162,3
66,163,18
66,164,3
67,68,14
67,70,16
67,73,17
67,74,17
67,76,13
67,77,11
67,81,12
67,82,14
67,89,11
67,91,18
67,93,19
67,94,18
67,95,6
67,96,7
67,97,13
67,101,12
67,103,19
67,105,16
67,106,14
67,107,11
67,109,11
67,110,2
67,111,14
67,112,4
67,113,3
67,114,5
67,116,14
67,117,16
67,118,17
67,119,14
67,120,1
67,122,16
67,124,18
67,125,10
67,128,17
67,130,5
67,133,9
67,138,15
67,142,4
67,145,14
67,146,19
67,147,7
67,148,7
67,149,13
67,150,6
67,151,3
67,153,10
67,154,16
67,156,20
67,157,3
67,158,15
67,159,4
67,160,18
67,162,18
67,164,17
67,165,18
67,167,9
67,168,3
68,71,3
68,73,19
68,74,17
68,75,2
68,76,13
68,77,19
68,80,11
68,81,4
68,84,2
68,88,10
68,94,3
68,97,6
68,98,2
68,99,3
68,100,1
68,101,4
68,102,1
68,109,15
68,110,10
68,122,3
68,123,15
68,125,2
68,126,14
68,127,7
68,128,17
68,130,1
68,132,10
68,135,18
68,136,5
68,138,5
68,139,2
68,140,7
68,143,20
68,144,8
68,146,1
68,147,14
68,151,15
68,154,17
68,161,4
68,165,20
68,166,15
68,168,2
68,169,15
69,71,13
69,73,11
69,74,17
69,75,11
69,78,16
69,81,16
69,83,10
69,86,18
69,88,1
69,89,7
69,90,1
69,93,19
69,94,8
69,95,20
69,98,3
69,101,8
69,106,20
69,111,2
69,115,16
69,116,10
69,117,15
69,118,1
69,122,4
69,124,10
69,126,13
69,131,7
69,133,3
69,137,5
69,139,3
69,140,13
69,143,15
69,144,16
69,148,1
69,150,14
69,152,11
69,155,16
69,157,6
69,161,17
69,162,11
69,165,2
69,166,4
69,169,5
70,71,20
70,72,19
70,74,3
70,75,8
70,78,14
70,82,10
70,83,6
70,84,6
70,87,16
70,91,2
70,93,15
70,94,13
70,98,8
70,101,20
70,102,8
70,105,1
70,107,11
70,108,13
70,112,9
70,113,14
70,114,12
70,119,4
70,120,10
70,123,11
70,125,20
70,130,15
70,131,15
70,134,10
70,135,7
70,138,8
70,140,3
70,143,6
70,144,1
70,145,6
70,146,8
70,148,13
70,151,14
70,152,6
70,153,10
70,156,17
70,158,1
70,163,10
70,167,19
70,169,10
71,73,5
71,76,10
71,77,10
71,79,6
71,80,16
71,82,11
71,87,19
71,88,9
71,90,5
71,91,19
71,95,12
71,97,5
71,100,6
71,102,10
71,103,6
71,105,12
71,106,13
71,108,6
71,109,4
71,110,2
71,113,15
71,115,2
71,118,10
71,120,14
71,121,15
71,123,11
71,126,14
71,130,13
71,134,11
71,135,18
71,136,16
71,138,18
71,140,2
71,141,7
71,143,12
71,144,12
71,146,8
71,147,14
71,148,19
71,150,1
71,152,1
71,154,20
71,160,12
71,162,7
71,164,17
71,166,1
71,167,18
72,73,12
72,76,11
72,77,5
72,79,15
72,80,4
72,81,1
72,82,8
72,83,15
72,85,10
72,86,2
72,88,8
72,89,9
72,90,7
72,91,19
72,92,19
72,93,12
72,94,8
72,96,10
72,97,1
72,100,2
72,101,17
72,104,20
72,105,18
72,106,1
72,107,2
72,109,20
72,110,11
72,111,15
72,112,13
72,113,17
72,114,8
72,115,17
72,117,5
72,118,12
72,120,17
72,121,5
72,127,3
72,130,3
72,131,18
72,132,15
72,134,16
72,136,15
72,137,10
72,138,10
72,139,9
72,142,10
72,145,15
72,147,11
72,148,1
72,151,12
72,154,11
72,157,10
72,158,17
72,159,17
72,160,15
72,162,11
72,164,20
72,166,15
72,167,18
72,168,19
72,169,9
73,74,7
73,75,15
73,76,14
73,77,15
73,79,16
73,80,13
73,82,19
73,84,2
73,87,6
73,90,1
73,93,6
73,97,4
73,99,11
73,102,9
73,103,16
73,109,8
73,110,20
73,111,17
73,114,8
73,115,20
73,116,13
73,118,1
73,119,14
73,122,3
73,123,19
73,124,5
73,125,5
73,127,7
73,128,2
73,129,10
73,130,5
73,131,2
73,132,14
73,137,20
73,139,20
73,141,20
73,143,4
73,146,4
73,150,11
73,154,7
73,156,18
73,159,20
73,160,18
73,161,10
73,164,1
73,165,20
73,166,12
73,167,17
73,168,17
74,77,20
74,81,16
74,83,7
74,84,10
74,86,13
74,88,1
74,89,9
74,92,12
74,93,9
74,94,17
74,98,20
74,100,17
74,101,16
74,103,7
74,108,20
74,109,13
74,110,15
74,111,3
74,114,15
74,115,15
74,120,3
74,122,16
74,125,15
74,127,4
74,129,2
74,131,12
74,136,10
74,139,2
74,140,14
74,142,6
74,144,16
74,145,5
74,146,14
74,148,13
74,150,2
74,151,12
74,152,8
74,154,3
74,155,1
74,159,2
74,164,12
74,165,11
74,167,18
74,168,11
75,77,3
75,79,1
75,80,18
75,83,19
75,84,12
75,86,18
75,87,15
75,89,17
75,93,13
75,96,17
75,98,2
75,99,16
75,101,8
75,102,17
75,103,9
75,105,16
75,106,16
75,107,9
75,108,14
75,112,3
75,113,19
75,114,15
75,119,13
75,121,9
75,124,4
75,125,1
75,128,5
75,130,4
75,131,3
75,133,2
75,135,16
75,138,14
75,139,5
75,140,4
75,141,15
75,142,19
75,143,15
75,145,4
75,147,12
75,149,14
75,150,8
75,151,19
75,152,7
75,153,19
75,154,20
75,157,7
75,158,5
75,159,14
75,160,9
75,162,2
75,164,9
75,169,19
76,77,6
76,78,9
76,81,17
76,85,19
76,86,6
76,87,1
76,88,16
76,90,10
76,91,10
76,95,6
76,96,14
76,97,1
76,101,7
76,106,5
76,108,5
76,112,10
76,114,6
76,115,12
76,116,19
76,117,12
76,118,11
76,119,16
76,121,19
76,122,12
76,125,17
76,126,8
76,128,16
76,130,7
76,133,12
76,134,15
76,138,20
76,139,6
76,140,4
76,142,4
76,143,5
76,144,19
76,145,11
76,149,10
76,151,13
76,152,9
76,153,1
76,154,15
76,155,12
76,156,7
76,158,4
76,160,4
76,162,12
76,166,12
76,168,9
77,79,8
77,81,2
77,84,12
77,86,13
77,88,5
77,89,14
77,90,7
77,91,18
77,93,14
77,98,5
77,100,3
77,103,6
77,105,13
77,106,16
77,107,9
77,111,6
77,112,11
77,115,15
77,117,1
77,122,5
77,126,6
77,128,20
77,129,20
77,130,13
77,136,8
77,139,19
77,140,3
77,141,14
77,142,4
77,143,14
77,144,10
77,145,15
77,146,12
77,148,4
77,149,16
77,150,12
77,154,13
77,158,16
77,159,1
77,168,5
77,169,6
78,81,2
78,82,19
78,83,7
78,85,19
78,86,20
78,88,14
78,91,19
78,92,19
78,94,18
78,95,18
78,96,12
78,97,1
78,98,1
78,99,15
78,100,5
78,103,3
78,104,16
78,106,9
78,107,16
78,111,3
78,113,4
78,114,15
78,116,12
78,118,4
78,120,18
78,121,7
78,122,19
78,124,16
78,129,11
78,131,11
78,134,2
78,135,19
78,136,20
78,138,7
78,139,3
78,140,16
78,141,1
78,143,7
78,144,3
78,145,20
78,146,20
78,147,11
78,148,1
78,149,9
78,150,16
78,152,17
78,155,12
78,156,5
78,157,14
78,158,13
78,160,12
78,166,2
78,168,3
78,169,20
79,80,9
79,85,9
79,89,2
79,90,3
79,92,3
79,93,4
79,95,3
79,96,15
79,97,8
79,101,11
79,103,12
79,104,8
79,106,13
79,109,2
79,115,13
79,118,17
79,119,17
79,121,2
79,122,2
79,125,1
79,131,8
79,133,14
79,134,6
79,135,18
79,136,2
79,139,15
79,144,7
79,148,9
79,149,1
79,153,13
79,154,18
79,155,16
79,156,10
79,157,16
79,158,3
79,159,11
79,162,7
79,163,1
79,164,10
80,83,13
80,84,14
80,90,4
80,92,9
80,96,2
80,98,4
80,99,13
80,100,20
80,105,18
80,106,7
80,107,18
80,109,20
80,111,10
80,112,4
80,115,16
80,116,1
80,120,1
80,121,17
80,122,11
80,123,14
80,126,3
80,127,4
80,128,12
80,134,13
80,136,13
80,138,5
80,141,5
80,143,13
80,144,20
80,145,15
80,150,14
80,152,6
80,153,9
80,156,7
80,158,8
80,159,14
80,161,18
80,163,7
80,165,12
80,166,9
80,168,16
80,169,19
81,85,20
81,89,4
81,90,15
81,91,11
81,95,17
81,96,15
81,97,3
81,98,13
81,99,14
81,101,8
81,104,6
81,105,4
81,106,19
81,107,14
81,108,17
81,110,20
81,112,1
81,114,16
81,119,12
81,120,9
81,121,9
81,126,7
81,127,16
81,128,9
81,129,5
81,138,11
81,143,2
81,146,2
81,147,17
81,148,17
81,150,14
81,154,8
81,155,15
81,156,6
81,158,18
81,160,19
81,161,14
81,164,13
81,166,17
81,167,8
81,168,14
82,85,12
82,92,17
82,93,19
82,94,5
82,98,5
82,103,5
82,105,17
82,106,9
82,108,20
82,110,6
82,111,1
82,112,17
82,115,4
82,118,16
82,119,1
82,120,13
82,121,16
82,123,15
82,125,14
82,127,3
82,129,6
82,130,10
82,132,11
82,134,7
82,136,18
82,139,5
82,141,15
82,143,13
82,145,20
82,146,2
82,147,17
82,148,9
82,149,19
82,150,2
82,151,11
82,152,14
82,155,1
82,156,20
82,157,1
82,158,19
82,159,8
82,161,2
82,162,19
82,163,18
82,168,14
83,85,17
83,88,18
83,90,19
83,92,15
83,96,3
83,97,6
83,99,1
83,100,1
83,101,10
83,103,1
83,104,13
83,105,9
83,106,8
83,107,18
83,108,1
83,109,12
83,110,9
83,111,4
83,113,1
83,115,1
83,119,1
83,121,17
83,122,18
83,125,7
83,127,15
83,131,2
83,134,13
83,135,17
83,136,18
83,137,5
83,139,17
83,141,9
83,144,16
83,146,18
83,147,20
83,148,15
83,149,19
83,151,5
83,152,18
83,153,14
83,154,14
83,155,14
83,157,2
83,159,20
83,160,5
83,162,9
83,169,12
84,87,12
84,88,3
84,94,19
84,95,15
84,97,1
84,100,15
84,101,13
84,105,5
84,107,20
84,109,8
84,110,2
84,111,4
84,112,8
84,113,15
84,118,7
84,119,17
84,123,8
84,128,11
84,130,14
84,131,4
84,133,17
84,135,4
84,137,17
84,140,4
84,142,3
84,143,9
84,147,10
84,148,4
84,150,3
84,151,18
84,154,13
84,158,1
84,160,1
84,161,3
84,164,7
84,165,4
84,167,12
85,86,3
85,87,15
85,88,5
85,89,11
85,90,5
85,92,11
85,94,9
85,97,9
85,98,9
85,101,14
85,102,2
85,103,5
85,106,17
85,107,6
85,108,14
85,109,11
85,110,17
85,111,3
85,113,6
85,116,10
85,119,7
85,120,19
85,121,12
85,122,18
85,124,16
85,127,13
85,129,20
85,130,1
85,132,17
85,133,2
85,134,2
85,136,13
85,139,1
85,140,1
85,141,1
85,143,7
85,145,16
85,146,6
85,150,2
85,152,10
85,153,19
85,154,11
85,156,10
85,157,8
85,158,9
85,159,16
85,160,19
85,161,16
85,162,20
85,165,19
85,168,20
85,169,19
86,88,8
86,90,13
86,91,10
86,93,10
86,95,20
86,100,13
86,103,1
86,104,14
86,105,6
86,106,9
86,107,16
86,108,10
86,109,9
86,110,15
86,111,5
86,115,3
86,118,6
86,121,1
86,122,18
86,123,7
86,124,9
86,130,9
86,131,2
86,134,4
86,135,7
86,136,17
86,139,17
86,141,7
86,142,11
86,145,3
86,146,7
86,147,2
86,149,11
86,151,10
86,154,4
86,155,6
86,156,9
86,157,16
86,162,12
86,164,9
86,165,12
86,166,7
87,88,8
87,89,10
87,90,1
87,91,13
87,92,7
87,93,17
87,94,3
87,95,15
87,102,13
87,103,8
87,104,11
87,106,8
87,107,11
87,109,18
87,111,14
87,114,13
87,116,11
87,120,7
87,121,15
87,122,10
87,125,12
87,126,8
87,127,12
87,128,8
87,130,12
87,131,5
87,132,6
87,135,20
87,136,5
87,137,9
87,142,3
87,144,2
87,148,12
87,149,1
87,151,14
87,152,10
87,155,6
87,156,14
87,158,15
87,160,15
87,161,15
87,162,18
87,165,1
88,89,11
88,90,11
88,91,9
88,93,10
88,94,17
88,96,20
88,99,20
88,102,16
88,103,16
88,104,1
88,105,11
88,106,9
88,108,8
88,110,20
88,112,14
88,113,10
88,114,20
88,117,12
88,122,14
88,124,15
88,126,17
88,128,11
88,129,4
88,130,18
88,132,13
88,133,11
88,137,2
88,141,3
88,142,13
88,143,17
88,144,6
88,147,18
88,148,17
88,150,17
88,152,9
88,153,13
88,156,10
88,163,14
88,164,13
88,165,9
88,166,2
88,167,7
89,91,12
89,92,13
89,93,5
89,94,16
89,96,14
89,99,10
89,100,15
89,103,4
89,104,11
89,105,18
89,106,12
89,110,10
89,113,16
89,114,2
89,115,1
89,116,2
89,118,3
89,120,14
89,121,8
89,123,18
89,126,7
89,127,9
89,129,13
89,131,6
89,133,4
89,134,3
89,136,5
89,137,7
89,139,14
89,140,13
89,141,20
89,143,8
89,145,12
89,147,10
89,149,1
89,157,8
89,158,8
89,159,3
89,161,2
89,164,1
89,166,5
89,168,15
90,91,14
90,94,16
90,95,9
90,100,9
90,101,15
90,105,3
90,106,20
90,107,6
90,108,12
90,112,8
90,115,6
90,116,13
90,117,7
90,119,18
90,121,6
90,123,3
90,125,18
90,127,8
90,129,14
90,131,15
90,132,18
90,133,5
90,134,3
90,135,1
90,136,11
90,137,7
90,140,11
90,141,4
90,142,18
90,143,17
90,145,19
90,146,12
90,149,3
90,154,18
90,157,11
90,158,17
90,159,19
90,160,6
90,162,13
90,163,3
90,166,14
91,95,2
91,99,12
91,101,16
91,103,14
91,104,16
91,106,1
91,107,17
91,110,17
91,113,18
91,115,5
91,116,2
91,118,2
91,119,13
91,120,18
91,122,6
91,123,3
91,124,18
91,126,1
91,128,1
91,132,16
91,133,5
91,136,4
91,139,16
91,140,17
91,142,15
91,144,5
91,146,11
91,149,4
91,151,7
91,152,3
91,154,9
91,155,2
91,156,16
91,158,7
91,159,13
91,162,7
91,165,5
91,166,7
91,169,10
92,93,11
92,94,18
92,96,16
92,97,10
92,98,5
92,100,17
92,101,15
92,102,7
92,103,13
92,104,16
92,105,18
92,113,19
92,116,9
92,119,2
92,120,19
92,126,1
92,127,2
92,129,15
92,131,3
92,133,19
92,137,5
92,139,7
92,143,19
92,146,15
92,149,15
92,150,11
92,152,11
92,153,10
92,154,16
92,155,6
92,158,20
92,160,10
92,162,3
92,163,17
92,166,9
92,168,4
93,95,3
93,101,14
93,102,19
93,103,11
93,106,18
93,107,16
93,108,13
93,109,5
93,111,10
93,114,10
93,116,11
93,120,12
93,122,4
93,124,6
93,126,15
93,129,10
93,130,10
93,132,4
93,133,14
93,135,6
93,136,11
93,137,5
93,140,10
93,141,8
93,142,9
93,146,11
93,147,16
93,150,8
93,153,14
93,155,19
93,157,6
93,160,20
93,161,1
93,163,4
93,164,7
93,169,13
94,96,14
94,97,11
94,98,11
94,99,18
94,100,8
94,101,12
94,102,19
94,106,3
94,110,9
94,111,1
94,112,3
94,114,2
94,118,1
94,122,15
94,128,11
94,129,9
94,131,2
94,132,11
94,133,13
94,134,3
94,135,14
94,136,2
94,138,10
94,139,14
94,141,11
94,142,4
94,143,19
94,144,15
94,145,11
94,146,3
94,147,16
94,150,11
94,152,7
94,153,1
94,154,8
94,156,10
94,158,5
94,160,8
94,161,10
94,163,10
94,164,15
95,96,15
95,100,13
95,103,18
95,104,15
95,105,11
95,109,11
95,110,16
95,119,1
95,120,12
95,124,6
95,129,9
95,132,4
95,133,17
95,138,14
95,139,3
95,140,5
95,141,19
95,144,19
95,145,16
95,149,11
95,151,4
95,152,15
95,155,18
95,157,2
95,161,19
95,163,8
96,98,9
96,101,13
96,103,1
96,106,17
96,107,11
96,109,20
96,110,16
96,112,16
96,114,17
96,115,7
96,116,12
96,118,8
96,119,6
96,122,18
96,126,19
96,127,10
96,128,12
96,130,15
96,131,19
96,132,13
96,134,10
96,137,6
96,138,18
96,141,14
96,143,1
96,144,14
96,145,1
96,147,2
96,148,2
96,149,6
96,151,16
96,153,5
96,154,3
96,155,16
96,157,11
96,160,8
96,162,11
96,163,11
96,166,8
96,168,3
96,169,1
97,98,12
97,99,17
97,100,14
97,101,18
97,103,14
97,104,1
97,106,14
97,111,3
97,118,18
97,119,11
97,121,4
97,123,6
97,125,19
97,126,12
97,128,18
97,129,6
97,132,15
97,133,14
97,137,9
97,139,18
97,140,3
97,141,6
97,144,15
97,147,6
97,151,15
97,153,1
97,156,19
97,161,7
97,163,20
97,165,16
97,166,5
97,167,1
97,168,11
98,100,6
98,101,12
98,103,17
98,105,2
98,108,9
98,109,16
98,110,12
98,112,4
98,115,18
98,119,7
98,122,10
98,123,17
98,124,3
98,125,4
98,129,19
98,130,9
98,131,12
98,132,7
98,134,11
98,136,17
98,138,2
98,142,2
98,143,19
98,144,13
98,146,18
98,149,3
98,151,15
98,152,4
98,153,18
98,157,1
98,161,19
98,165,12
98,166,14
98,167,20
98,168,13
99,100,1
99,103,3
99,109,20
99,111,11
99,112,3
99,116,10
99,119,8
99,120,16
99,121,17
99,123,18
99,124,1
99,125,11
99,126,2
99,129,13
99,132,8
99,133,13
99,135,18
99,136,11
99,138,16
99,139,9
99,140,3
99,141,2
99,144,9
99,147,20
99,148,20
99,149,1
99,150,5
99,151,14
99,153,16
99,155,9
99,156,8
99,159,19
99,162,14
99,164,7
99,165,4
99,166,12
99,167,6
99,168,12
100,103,20
100,104,18
100,105,17
100,106,19
100,108,3
100,109,3
100,110,6
100,113,2
100,114,15
100,115,2
100,116,16
100,118,4
100,119,11
100,120,20
100,121,10
100,123,5
100,125,10
100,127,5
100,131,16
100,132,7
100,136,18
100,137,18
100,138,20
100,139,20
100,140,17
100,141,2
100,142,20
100,143,12
100,144,19
100,145,12
100,146,2
100,151,12
100,153,8
100,156,20
100,157,20
100,160,2
100,161,6
100,163,20
100,165,8
100,167,17
100,168,4
100,169,6
101,102,11
101,104,8
101,106,18
101,107,4
101,108,18
101,116,15
101,117,8
101,120,8
101,125,20
101,129,2
101,132,18
101,134,20
101,136,5
101,139,5
101,140,20
101,141,9
101,142,2
101,144,18
101,145,4
101,146,3
101,147,19
101,149,4
101,150,8
101,151,20
101,153,3
101,155,19
101,156,14
101,160,9
101,161,5
101,162,5
101,164,7
101,165,7
101,167,1
102,106,6
102,108,18
102,111,10
102,118,11
102,120,7
102,122,17
102,123,8
102,124,9
102,130,18
102,131,5
102,135,17
102,137,17
102,138,7
102,141,3
102,145,9
102,146,11
102,149,17
102,152,9
102,153,20
102,154,14
102,155,2
102,161,1
102,163,20
102,166,1
102,167,17
102,168,1
102,169,20
103,107,20
103,109,5
103,111,17
103,112,12
103,113,10
103,117,4
103,119,20
103,120,17
103,121,10
103,124,14
103,128,19
103,132,4
103,134,5
103,135,16
103,137,6
103,138,20
103,139,18
103,140,18
103,141,11
103,142,16
103,144,2
103,149,3
103,150,6
103,151,13
103,154,17
103,155,17
103,157,18
103,160,14
103,161,3
103,163,17
103,164,5
103,166,19
103,167,10
104,108,20
104,110,9
104,111,9
104,113,2
104,114,13
104,115,12
104,117,9
104,118,13
104,120,18
104,121,14
104,122,8
104,124,4
104,126,10
104,127,15
104,130,5
104,132,16
104,137,12
104,140,2
104,141,16
104,143,15
104,144,14
104,153,10
104,154,18
104,155,16
104,158,8
104,160,1
104,162,15
104,166,8
104,167,9
105,108,12
105,112,10
105,115,9
105,118,8
105,119,6
105,120,10
105,121,2
105,123,14
105,124,10
105,126,17
105,129,18
105,130,19
105,133,9
105,135,14
105,137,14
105,139,4
105,144,12
105,146,7
105,148,8
105,151,10
105,152,6
105,153,3
105,154,20
105,155,6
105,156,11
105,158,3
105,167,4
106,108,2
106,111,9
106,113,10
106,117,15
106,118,14
106,119,13
106,120,10
106,121,11
106,122,15
106,123,10
106,124,8
106,125,17
106,126,12
106,132,19
106,133,1
106,134,12
106,138,18
106,139,13
106,141,8
106,142,3
106,143,20
106,145,14
106,147,6
106,148,20
106,151,20
106,154,11
106,158,11
106,161,20
106,163,1
106,165,18
106,166,15
106,168,7
106,169,13
107,108,4
107,109,9
107,110,11
107,111,16
107,113,4
107,114,2
107,115,13
107,116,11
107,117,12
107,118,10
107,119,12
107,122,7
107,124,8
107,125,20
107,126,13
107,128,1
107,129,8
107,132,5
107,134,2
107,135,1
107,136,3
107,138,19
107,141,10
107,142,11
107,144,18
107,147,19
107,149,9
107,150,7
107,151,19
107,154,11
107,155,12
107,157,10
107,159,2
107,160,20
107,162,1
107,164,4
107,166,12
108,109,13
108,110,12
108,114,9
108,115,13
108,116,19
108,117,19
108,119,18
108,120,13
108,126,13
108,127,15
108,136,13
108,137,6
108,138,1
108,139,11
108,140,2
108,142,8
108,150,9
108,151,4
108,152,2
108,154,10
108,155,4
108,156,1
108,158,10
108,160,19
108,161,10
108,166,9
109,112,6
109,114,17
109,115,4
109,117,13
109,123,18
109,125,2
109,126,20
109,127,11
109,128,7
109,129,16
109,132,17
109,133,8
109,134,2
109,140,3
109,141,3
109,142,7
109,143,3
109,144,1
109,145,10
109,153,3
109,155,11
109,156,17
109,162,2
109,164,5
109,165,10
109,167,17
109,168,6
110,111,16
110,112,8
110,113,13
110,115,20
110,116,1
110,118,8
110,119,1
110,123,8
110,124,3
110,125,8
110,127,18
110,128,18
110,133,18
110,134,18
110,135,11
110,139,5
110,141,17
110,142,5
110,143,8
110,146,3
110,147,10
110,152,12
110,154,19
110,155,19
110,156,9
110,158,10
110,159,1
110,161,11
110,164,13
110,166,8
110,168,14
110,169,16
111,113,19
111,118,6
111,120,14
111,121,8
111,122,12
111,124,13
111,126,15
111,127,8
111,129,11
111,130,1
111,131,1
111,132,20
111,134,5
111,140,8
111,143,12
111,145,1
111,147,7
111,151,6
111,152,18
111,156,13
111,158,18
111,159,16
111,160,19
111,161,1
111,162,9
111,165,17
111,167,9
111,169,2
112,114,20
112,116,11
112,122,2
112,124,2
112,126,19
112,127,12
112,130,8
112,132,1
112,133,20
112,134,13
112,136,7
112,138,9
112,139,8
112,140,13
112,144,15
112,147,17
112,148,11
112,151,11
112,152,4
112,155,12
112,159,19
112,160,3
112,161,8
112,162,14
112,165,13
112,166,16
112,167,9
112,169,17
113,114,6
113,117,1
113,118,20
113,121,6
113,122,6
113,123,9
113,124,16
113,129,16
113,131,5
113,132,18
113,134,9
113,135,19
113,136,20
113,139,16
113,140,16
113,142,16
113,146,11
113,147,11
113,150,13
113,153,10
113,154,3
113,156,13
113,157,17
113,158,3
113,159,4
113,163,14
113,164,20
113,165,6
113,166,1
113,167,20
113,168,2
114,115,2
114,117,20
114,124,8
114,125,11
114,126,14
114,127,16
114,131,10
114,134,20
114,137,2
114,139,16
114,141,15
114,142,8
114,143,12
114,145,15
114,146,17
114,148,12
114,149,9
114,150,13
114,151,3
114,153,10
114,158,8
114,159,7
114,166,6
114,169,5
115,120,5
115,121,17
115,123,14
115,125,19
115,126,9
115,128,15
115,129,1
115,130,10
115,131,3
115,132,5
115,133,14
115,139,13
115,140,15
115,143,1
115,146,19
115,147,7
115,151,5
115,153,15
115,154,6
115,155,8
115,157,3
115,158,1
115,159,11
115,162,4
115,168,19
115,169,2
116,117,19
116,119,14
116,120,5
116,122,2
116,125,4
116,127,9
116,130,15
116,131,15
116,134,3
116,135,7
116,136,19
116,137,5
116,143,5
116,144,14
116,145,20
116,154,15
116,156,11
116,158,13
116,160,19
116,161,7
116,162,4
116,163,18
116,164,10
116,165,15
116,168,4
117,119,1
117,120,16
117,124,8
117,128,3
117,132,11
117,136,16
117,138,6
117,141,6
117,142,12
117,144,9
117,145,11
117,148,8
117,150,10
117,153,17
117,154,8
117,155,7
117,159,19
117,160,19
117,165,10
117,168,7
118,119,7
118,121,16
118,122,18
118,123,13
118,125,19
118,127,3
118,130,10
118,131,13
118,132,19
118,134,3
118,137,15
118,138,11
118,139,10
118,140,3
118,142,10
118,143,2
118,144,2
118,145,9
118,146,10
118,149,1
118,151,20
118,152,11
118,154,11
118,155,11
118,158,19
118,160,9
118,162,12
118,166,17
118,167,3
118,168,1
118,169,8
119,120,16
119,121,12
119,122,10
119,123,18
119,124,1
119,128,5
119,129,7
119,133,5
119,134,16
119,136,4
119,137,11
119,142,20
119,144,11
119,145,5
119,146,3
119,147,10
119,148,4
119,149,20
119,155,19
119,158,7
119,159,15
119,160,8
119,161,5
119,162,11
119,164,9
119,165,1
119,166,20
120,121,13
120,123,9
120,126,2
120,130,10
120,131,12
120,133,7
120,134,2
120,135,9
120,136,17
120,137,4
120,142,15
120,147,9
120,148,8
120,149,17
120,151,19
120,153,17
120,154,17
120,157,16
120,162,1
120,164,19
120,165,5
120,167,5
121,122,5
121,126,10
121,127,19
121,128,20
121,131,2
121,132,1
121,135,7
121,136,7
121,137,4
121,138,20
121,142,6
121,144,20
121,148,18
121,151,11
121,155,15
121,156,11
121,158,10
121,159,14
121,161,10
121,164,9
121,165,7
121,167,15
122,125,10
122,126,15
122,130,3
122,131,15
122,135,18
122,136,9
122,137,3
122,139,12
122,141,19
122,145,13
122,146,7
122,147,18
122,149,1
122,150,11
122,152,3
122,153,13
122,154,14
122,155,18
122,157,17
122,158,9
122,159,7
122,161,12
122,163,16
122,166,8
122,169,19
123,124,18
123,125,20
123,127,1
123,131,20
123,134,19
123,138,1
123,140,16
123,148,4
123,150,7
123,152,13
123,153,3
123,155,9
123,156,9
123,157,16
123,158,19
123,159,19
123,161,16
123,162,13
123,163,7
123,164,11
123,165,5
123,166,13
123,167,10
123,168,13
124,128,2
124,131,5
124,136,3
124,139,12
124,140,14
124,141,19
124,142,3
124,143,12
124,145,3
124,147,17
124,149,18
124,155,12
124,156,19
124,157,8
124,160,17
124,162,13
124,164,18
124,167,19
124,168,19
124,169,20
125,126,4
125,127,16
125,131,13
125,132,17
125,133,1
125,135,10
125,140,19
125,142,10
125,143,15
125,145,4
125,147,11
125,149,4
125,150,19
125,152,8
125,154,12
125,157,5
125,158,18
125,160,8
125,162,6
125,163,6
125,164,20
125,165,18
125,169,1
126,127,1
126,128,17
126,130,17
126,134,5
126,135,6
126,137,16
126,138,3
126,143,18
126,146,13
126,147,8
126,149,5
126,150,4
126,152,16
126,154,9
126,156,13
126,157,11
126,159,20
126,163,4
126,168,10
126,169,16
127,128,18
127,132,17
127,133,1
127,135,16
127,136,6
127,140,19
127,141,20
127,143,15
127,148,1
127,149,13
127,150,5
127,151,13
127,154,19
127,155,18
127,156,7
127,157,17
127,159,5
127,160,8
127,162,19
127,163,5
127,164,10
127,165,1
127,167,5
127,168,16
128,129,14
128,133,18
128,134,9
128,135,18
128,136,8
128,141,7
128,142,19
128,144,11
128,149,18
128,152,12
128,153,1
128,155,1
128,156,4
128,157,5
128,158,9
128,160,12
128,161,5
128,162,2
128,163,17
128,164,10
128,165,7
128,166,1
128,167,2
128,168,3
129,134,3
129,135,10
129,137,12
129,138,20
129,139,11
129,140,12
129,143,4
129,144,4
129,145,7
129,147,5
129,148,7
129,151,7
129,154,3
129,157,19
129,160,2
129,163,16
129,164,12
129,166,1
129,169,20
130,131,18
130,132,11
130,135,8
130,136,20
130,138,1
130,139,14
130,141,18
130,142,19
130,143,2
130,144,6
130,145,4
130,146,17
130,149,9
130,152,14
130,153,15
130,154,16
130,155,6
130,158,3
130,164,19
130,168,15
131,132,1
131,134,20
131,135,4
131,136,10
131,142,10
131,144,18
131,146,12
131,147,3
131,150,16
131,151,7
131,155,9
131,156,14
131,157,8
131,160,1
131,162,5
131,166,2
132,137,7
132,139,12
132,141,10
132,142,6
132,144,1
132,145,9
132,146,19
132,149,20
132,150,10
132,151,16
132,152,1
132,153,2
132,154,6
132,160,20
132,162,14
132,164,1
132,166,4
132,167,9
132,169,12
133,134,13
133,140,14
133,144,16
133,148,17
133,149,10
133,151,4
133,152,18
133,153,10
133,155,2
133,156,3
133,158,15
133,159,10
133,160,9
133,164,1
133,165,10
133,167,17
133,169,16
134,136,11
134,137,6
134,139,19
134,140,19
134,143,4
134,145,6
134,146,15
134,147,4
134,148,2
134,152,6
134,154,4
134,155,1
134,156,10
134,157,4
134,158,19
134,162,5
134,166,8
134,167,14
134,168,17
134,169,17
135,140,6
135,141,14
135,143,10
135,144,8
135,149,10
135,150,6
135,158,10
135,161,4
135,163,15
135,164,10
135,167,16
135,168,14
135,169,4
136,137,15
136,138,2
136,142,14
136,147,5
136,148,19
136,149,14
136,150,2
136,153,12
136,154,5
136,160,8
136,162,15
136,163,10
136,164,13
136,165,20
136,166,17
136,167,13
136,168,4
137,138,13
137,140,9
137,142,17
137,143,7
137,144,11
137,145,15
137,146,19
137,149,3
137,152,20
137,153,14
137,155,12
137,157,13
137,158,5
137,159,7
137,162,15
137,164,2
137,165,1
137,169,19
138,139,19
138,144,6
138,149,12
138,150,14
138,151,14
138,152,2
138,155,6
138,158,6
138,160,3
138,161,19
138,163,20
138,164,7
138,167,6
139,140,3
139,141,12
139,142,11
139,144,6
139,145,6
139,147,15
139,149,11
139,152,6
139,154,18
139,156,7
139,157,14
139,159,9
139,160,8
139,162,5
139,168,14
139,169,8
140,143,16
140,144,13
140,146,6
140,147,16
140,148,17
140,151,20
140,153,8
140,155,11
140,156,15
140,158,11
140,161,19
140,162,19
140,168,19
141,144,11
141,147,1
141,149,8
141,150,4
141,152,18
141,156,9
141,157,8
141,159,14
141,160,5
141,162,9
141,163,3
141,167,3
141,169,20
142,145,7
142,146,11
142,148,8
142,153,3
142,155,8
142,158,3
142,159,14
142,160,16
142,161,8
142,162,9
142,163,2
142,164,10
142,166,16
142,167,4
142,168,4
142,169,13
143,144,6
143,145,16
143,146,19
143,149,15
143,152,7
143,153,10
143,155,12
143,156,2
143,157,3
143,160,8
143,161,16
143,169,11
144,148,2
144,149,13
144,151,8
144,152,13
144,153,9
144,154,16
144,155,19
144,156,19
144,159,18
144,160,20
144,162,12
144,164,9
144,165,11
144,167,20
144,168,20
145,147,6
145,148,7
145,150,12
145,153,15
145,154,5
145,155,13
145,156,19
145,158,18
145,160,19
145,162,20
145,164,15
145,165,18
145,166,1
145,169,14
146,148,10
146,151,20
146,152,7
146,153,7
146,154,1
146,158,9
146,164,12
146,165,7
146,168,3
146,169,5
147,153,4
147,154,11
147,155,5
147,157,3
147,160,14
147,161,20
147,162,12
147,166,13
147,167,13
148,149,20
148,150,17
148,152,3
148,153,10
148,157,8
148,158,18
148,160,8
148,161,20
148,164,18
148,165,9
148,168,5
148,169,9
149,150,6
149,151,20
149,153,18
149,155,16
149,157,13
149,164,13
149,165,13
149,166,11
149,167,8
149,168,9
149,169,20
150,151,20
150,152,18
150,153,5
150,159,6
150,161,6
150,162,7
150,163,11
150,165,4
151,154,1
151,156,20
151,162,5
151,165,12
151,168,4
151,169,10
152,155,9
152,157,11
152,158,2
152,161,4
152,167,8
152,169,13
153,156,10
153,157,18
153,159,1
153,161,15
153,163,18
153,164,16
153,165,10
153,167,14
153,168,9
153,169,5
154,155,3
154,156,1
154,159,20
154,160,7
154,161,20
154,164,8
154,168,9
154,169,8
155,156,18
155,160,4
155,163,4
155,167,3
156,160,2
156,163,1
156,165,13
156,168,9
157,158,7
157,161,20
157,163,5
157,164,10
157,166,4
157,167,3
157,168,7
158,161,6
158,167,17
159,163,4
159,164,14
159,165,3
159,166,15
159,167,2
159,169,8
160,163,6
160,165,18
160,168,1
161,164,9
161,165,1
161,166,20
162,163,5
162,164,15
162,169,9
163,164,3
163,169,18
164,165,5
164,166,20
164,169,12
165,166,4
165,167,7
165,168,20
166,167,5
168,169,18
