0,1,9
0,2,7
0,3,14
0,4,10
0,5,19
0,6,13
0,8,6
0,9,3
0,10,3
0,11,9
0,12,7
0,13,1
0,14,4
0,15,8
0,17,17
0,18,5
0,20,14
0,21,5
0,24,2
0,25,18
0,26,10
0,27,10
0,28,4
0,29,19
0,31,4
0,32,16
0,33,6
0,34,13
0,35,10
0,36,16
0,37,3
0,38,5
0,39,6
0,40,9
0,41,11
0,42,7
0,43,2
0,48,10
0,49,7
0,53,12
0,54,20
0,56,14
0,57,3
0,58,8
0,59,2
0,61,14
0,62,2
0,63,18
0,67,20
0,69,13
0,70,4
0,71,5
0,72,18
0,73,17
0,75,17
0,77,3
0,78,12
0,79,12
0,80,12
0,81,4
0,82,19
0,83,9
0,84,17
0,85,5
0,86,7
0,87,20
0,88,4
0,89,12
0,90,19
0,91,18
0,92,7
0,94,18
0,95,15
0,96,6
0,97,12
0,98,17
0,99,11
0,100,14
0,101,5
0,102,8
0,103,7
0,105,6
0,106,18
0,107,5
0,108,11
0,110,19
0,112,16
0,113,2
0,114,11
0,115,8
0,116,6
0,117,4
0,118,7
0,121,9
0,122,11
0,123,12
0,124,8
0,125,6
0,127,8
0,128,18
0,129,14
0,130,10
0,131,9
0,132,14
0,133,14
0,134,8
0,135,1
0,136,17
0,137,1
0,138,10
0,139,20
0,140,10
0,142,7
0,143,8
0,144,18
0,145,5
0,146,9
0,149,13
0,150,7
0,151,15
0,152,7
0,153,10
0,155,18
0,156,3
0,157,4
0,158,15
0,159,2
0,161,14
0,162,6
0,164,8
0,165,17
0,166,6
0,167,9
0,169,10
0,170,18
0,171,20
0,172,4
0,175,6
0,176,8
0,177,18
0,178,4
0,179,6
1,3,16
1,4,8
1,5,3
1,6,4
1,7,7
1,8,4
1,9,10
1,10,14
1,11,8
1,13,13
1,15,10
1,16,5
1,17,6
1,18,6
1,20,14
1,21,14
1,22,4
1,23,19
1,24,20
1,26,19
1,27,4
1,28,3
1,29,2
1,30,10
1,31,8
1,32,4
1,33,12
1,34,13
1,35,6
1,36,3
1,38,10
1,39,10
1,40,14
1,42,1
1,43,4
1,44,10
1,46,10
1,47,18
1,48,16
1,49,13
1,50,19
1,51,2
1,52,14
1,53,7
1,55,11
1,57,4
1,58,8
1,59,18
1,61,12
1,62,8
1,63,19
1,64,1
1,66,8
1,67,1
1,68,14
1,69,17
1,70,2
1,71,11
1,72,2
1,73,10
1,74,8
1,75,4
1,76,11
1,78,18
1,80,6
1,81,12
1,83,15
1,84,14
1,85,8
1,86,4
1,87,19
1,89,9
1,90,10
1,91,16
1,92,8
1,93,2
1,94,8
1,95,13
1,96,2
1,97,7
1,98,13
1,99,17
1,101,12
1,102,14
1,103,1
1,104,17
1,105,2
1,107,18
1,109,1
1,111,10
1,112,2
1,114,13
1,116,18
1,117,4
1,118,17
1,119,1
1,120,17
1,121,6
1,122,2
1,123,10
1,124,7
1,126,6
1,127,7
1,128,15
1,129,19
1,131,6
1,132,9
1,133,5
1,134,12
1,135,13
1,136,19
1,138,6
1,139,1
1,140,12
1,142,13
1,143,6
1,144,10
1,145,16
1,146,2
1,147,13
1,148,6
1,149,7
1,152,11
1,153,6
1,154,5
1,155,20
1,156,10
1,157,15
1,158,14
1,159,1
1,160,15
1,161,11
1,162,20
1,164,16
1,165,15
1,166,11
1,167,6
1,168,1
1,171,1
1,172,7
1,173,3
1,174,12
1,175,1
1,176,18
1,179,9
2,4,13
2,5,3
2,6,4
2,7,13
2,8,18
2,9,1
2,10,17
2,11,16
2,12,17
2,14,12
2,15,2
2,17,6
2,19,13
2,20,8
2,22,18
2,23,13
2,24,16
2,26,4
2,27,12
2,28,7
2,29,7
2,30,2
2,32,18
2,35,6
2,36,15
2,38,10
2,40,19
2,43,16
2,45,5
2,46,16
2,47,17
2,49,9
2,50,2
2,51,10
2,52,7
2,53,2
2,54,5
2,56,10
2,57,9
2,60,7
2,61,19
2,63,3
2,64,20
2,65,7
2,66,19
2,67,5
2,68,7
2,69,1
2,71,15
2,72,7
2,73,2
2,74,3
2,75,8
2,76,7
2,77,12
2,78,14
2,81,14
2,83,9
2,84,17
2,85,3
2,86,11
2,87,12
2,88,17
2,89,6
2,90,17
2,94,18
2,95,18
2,96,14
2,97,17
2,98,3
2,99,6
2,100,5
2,101,10
2,102,20
2,103,2
2,104,18
2,105,4
2,106,17
2,107,18
2,109,7
2,112,18
2,113,2
2,116,13
2,117,4
2,118,12
2,119,15
2,120,13
2,121,11
2,122,1
2,123,1
2,124,4
2,126,14
2,130,5
2,131,18
2,132,16
2,134,20
2,135,13
2,136,5
2,137,8
2,138,11
2,140,12
2,141,19
2,142,8
2,143,17
2,144,8
2,145,12
2,146,4
2,147,5
2,149,12
2,150,16
2,151,10
2,152,2
2,153,9
2,155,2
2,156,7
2,157,4
2,159,18
2,160,14
2,161,3
2,163,20
2,164,5
2,165,12
2,166,20
2,167,14
2,168,3
2,169,19
2,170,12
2,172,2
2,173,13
2,174,20
2,175,20
2,176,8
2,177,16
2,178,11
2,179,15
3,4,18
3,5,14
3,6,15
3,7,2
3,8,11
3,9,3
3,10,5
3,11,16
3,12,1
3,14,3
3,15,18
3,16,2
3,17,18
3,18,13
3,19,12
3,21,3
3,22,2
3,23,17
3,24,15
3,25,3
3,26,20
3,29,10
3,30,16
3,33,1
3,34,6
3,35,20
3,37,6
3,39,2
3,40,4
3,41,2
3,42,5
3,43,5
3,44,1
3,45,7
3,46,9
3,47,13
3,48,12
3,50,1
3,52,2
3,53,4
3,54,17
3,56,1
3,59,15
3,60,13
3,61,15
3,62,5
3,63,9
3,65,4
3,66,7
3,67,7
3,69,14
3,70,5
3,71,11
3,72,19
3,75,17
3,76,9
3,79,7
3,81,5
3,82,1
3,88,9
3,89,18
3,90,8
3,91,19
3,92,11
3,93,20
3,94,11
3,95,14
3,96,1
3,98,7
3,99,16
3,101,14
3,102,4
3,104,5
3,105,4
3,106,20
3,109,3
3,110,18
3,112,5
3,114,8
3,115,1
3,116,4
3,119,5
3,120,16
3,121,13
3,123,7
3,124,13
3,125,17
3,128,18
3,131,9
3,132,5
3,133,13
3,134,3
3,135,4
3,136,15
3,137,2
3,140,20
3,142,14
3,145,2
3,146,1
3,149,8
3,152,13
3,153,17
3,154,11
3,155,16
3,156,15
3,158,8
3,159,14
3,161,13
3,162,14
3,163,2
3,164,11
3,165,9
3,166,19
3,167,13
3,169,17
3,170,6
3,171,4
3,172,7
3,174,15
3,176,9
3,177,20
3,179,10
4,5,19
4,6,3
4,7,5
4,8,14
4,9,1
4,10,15
4,11,9
4,12,10
4,14,6
4,16,13
4,17,12
4,18,20
4,19,18
4,20,4
4,21,9
4,22,18
4,23,6
4,25,3
4,26,5
4,27,16
4,28,19
4,31,14
4,32,9
4,33,17
4,34,6
4,35,18
4,37,16
4,38,8
4,39,4
4,40,12
4,42,13
4,43,11
4,44,13
4,45,8
4,46,2
4,47,9
4,48,4
4,49,18
4,51,2
4,52,4
4,53,11
4,54,5
4,56,4
4,57,12
4,58,10
4,59,14
4,60,6
4,61,20
4,62,1
4,63,13
4,65,14
4,66,9
4,68,18
4,69,13
4,70,4
4,71,18
4,72,20
4,75,15
4,76,2
4,77,20
4,78,5
4,80,5
4,81,13
4,83,16
4,84,14
4,85,14
4,86,15
4,87,5
4,88,7
4,90,3
4,91,17
4,92,1
4,93,9
4,94,8
4,95,17
4,96,9
4,97,12
4,98,15
4,99,11
4,100,15
4,101,5
4,103,16
4,105,1
4,106,3
4,108,13
4,109,11
4,110,8
4,111,19
4,113,17
4,114,8
4,116,12
4,117,12
4,118,12
4,119,1
4,120,8
4,121,17
4,123,20
4,125,11
4,126,12
4,127,8
4,129,7
4,132,14
4,133,15
4,134,19
4,135,6
4,136,6
4,138,8
4,139,6
4,140,9
4,141,15
4,142,19
4,143,5
4,144,19
4,145,4
4,146,19
4,149,8
4,151,9
4,153,20
4,154,15
4,157,5
4,158,4
4,159,2
4,160,7
4,163,9
4,164,4
4,165,17
4,166,16
4,167,20
4,168,3
4,169,17
4,170,17
4,171,14
4,172,19
4,173,2
4,174,19
4,175,7
4,176,5
4,178,1
4,179,10
5,6,16
5,8,1
5,9,12
5,10,16
5,11,3
5,12,16
5,13,17
5,14,5
5,15,12
5,16,3
5,17,15
5,19,1
5,20,16
5,21,8
5,22,5
5,25,17
5,26,5
5,27,14
5,29,12
5,32,15
5,33,19
5,34,3
5,35,7
5,38,3
5,40,3
5,41,17
5,42,2
5,43,13
5,45,10
5,46,10
5,47,18
5,48,20
5,49,18
5,51,9
5,52,17
5,53,7
5,54,10
5,55,5
5,56,12
5,57,3
5,58,9
5,59,18
5,62,19
5,64,17
5,65,20
5,66,5
5,67,20
5,69,4
5,70,3
5,71,19
5,72,13
5,73,16
5,74,15
5,77,4
5,78,3
5,79,17
5,80,6
5,82,14
5,83,9
5,84,7
5,85,7
5,86,19
5,87,5
5,88,17
5,89,17
5,90,12
5,91,2
5,92,15
5,93,20
5,94,6
5,95,12
5,96,19
5,97,12
5,98,13
5,99,20
5,100,2
5,101,18
5,102,19
5,103,19
5,104,19
5,105,14
5,107,10
5,108,12
5,109,13
5,110,4
5,111,14
5,112,3
5,113,6
5,114,5
5,115,18
5,116,3
5,118,9
5,119,12
5,120,2
5,121,6
5,122,11
5,123,20
5,124,1
5,125,19
5,126,16
5,127,3
5,128,9
5,129,1
5,130,18
5,131,18
5,132,20
5,133,4
5,134,3
5,135,12
5,136,9
5,137,7
5,138,7
5,139,16
5,141,20
5,144,10
5,145,20
5,146,14
5,147,6
5,148,1
5,149,11
5,151,15
5,152,8
5,156,6
5,157,1
5,158,20
5,159,4
5,160,5
5,162,9
5,163,8
5,165,16
5,169,8
5,170,19
5,171,20
5,172,20
5,173,20
5,174,19
5,175,4
5,176,7
5,178,9
5,179,16
6,7,12
6,8,6
6,9,17
6,10,15
6,12,10
6,13,17
6,15,4
6,16,10
6,17,11
6,19,4
6,20,4
6,21,16
6,22,7
6,23,12
6,24,14
6,25,7
6,26,2
6,27,15
6,28,7
6,29,13
6,30,10
6,31,1
6,32,11
6,33,1
6,34,10
6,35,13
6,36,2
6,37,7
6,38,18
6,39,13
6,40,15
6,41,11
6,42,1
6,43,7
6,44,20
6,45,17
6,47,14
6,48,12
6,49,12
6,51,17
6,52,19
6,55,3
6,56,19
6,57,14
6,58,9
6,59,11
6,60,20
6,61,16
6,62,9
6,63,7
6,64,16
6,65,15
6,66,18
6,67,10
6,68,7
6,69,4
6,71,18
6,72,14
6,73,6
6,74,3
6,75,7
6,76,5
6,77,7
6,79,7
6,80,20
6,81,8
6,83,13
6,84,15
6,87,12
6,88,8
6,89,3
6,91,1
6,92,13
6,93,12
6,94,16
6,96,5
6,97,11
6,99,20
6,100,2
6,102,19
6,103,11
6,105,2
6,106,12
6,107,13
6,108,20
6,109,8
6,110,16
6,112,19
6,113,12
6,114,14
6,116,4
6,118,16
6,119,19
6,120,4
6,121,16
6,122,6
6,123,7
6,125,4
6,126,4
6,127,1
6,128,9
6,129,8
6,130,16
6,132,9
6,133,7
6,134,3
6,135,20
6,137,20
6,138,18
6,139,19
6,141,10
6,142,9
6,143,19
6,144,12
6,145,8
6,146,5
6,147,18
6,149,12
6,150,9
6,151,1
6,152,13
6,153,15
6,154,8
6,155,6
6,157,17
6,160,9
6,161,1
6,162,16
6,163,10
6,164,7
6,165,20
6,166,20
6,168,10
6,169,4
6,171,13
6,172,1
6,174,19
6,175,14
6,177,7
6,178,7
6,179,5
7,8,17
7,9,11
7,11,3
7,12,8
7,13,18
7,14,2
7,15,20
7,16,11
7,18,3
7,20,19
7,21,12
7,22,7
7,23,4
7,25,20
7,26,17
7,27,3
7,28,1
7,29,17
7,30,13
7,31,3
7,32,5
7,33,2
7,34,11
7,35,18
7,36,12
7,37,18
7,38,18
7,39,10
7,40,7
7,41,14
7,42,19
7,43,10
7,45,5
7,46,20
7,47,11
7,48,3
7,49,12
7,50,12
7,52,13
7,54,9
7,57,2
7,58,12
7,60,19
7,62,15
7,63,11
7,66,12
7,67,2
7,68,10
7,69,20
7,70,19
7,71,3
7,73,8
7,74,13
7,75,5
7,76,16
7,77,9
7,78,16
7,79,5
7,80,10
7,81,19
7,82,6
7,83,6
7,85,17
7,86,18
7,87,6
7,88,3
7,89,18
7,90,17
7,91,10
7,92,7
7,93,6
7,94,5
7,96,16
7,97,2
7,98,9
7,99,16
7,101,5
7,103,15
7,104,1
7,105,11
7,106,20
7,107,4
7,108,18
7,109,9
7,110,8
7,111,15
7,112,9
7,113,16
7,116,19
7,117,4
7,118,1
7,119,12
7,120,17
7,121,10
7,122,1
7,123,18
7,124,13
7,125,18
7,126,1
7,127,5
7,129,4
7,130,10
7,131,4
7,132,3
7,133,3
7,134,17
7,135,16
7,136,4
7,137,15
7,139,18
7,140,15
7,141,19
7,142,7
7,145,12
7,146,15
7,148,15
7,149,9
7,150,8
7,151,20
7,153,20
7,154,1
7,155,14
7,156,4
7,157,10
7,158,9
7,159,7
7,160,15
7,161,14
7,163,15
7,164,15
7,165,5
7,166,19
7,169,16
7,170,16
7,171,4
7,172,17
7,173,15
7,174,9
7,175,7
7,176,6
7,177,13
7,178,18
7,179,9
8,9,16
8,10,8
8,11,18
8,12,14
8,13,14
8,14,14
8,15,8
8,16,8
8,18,1
8,19,13
8,20,17
8,21,3
8,22,6
8,23,13
8,24,19
8,27,3
8,28,14
8,29,17
8,30,15
8,31,20
8,32,11
8,33,9
8,35,3
8,36,2
8,37,12
8,38,20
8,39,6
8,41,10
8,42,1
8,43,2
8,44,16
8,47,20
8,50,20
8,51,20
8,52,8
8,54,14
8,57,18
8,61,3
8,63,6
8,65,14
8,66,10
8,67,19
8,68,10
8,69,6
8,70,3
8,71,11
8,72,9
8,73,7
8,74,14
8,75,14
8,76,20
8,78,14
8,79,5
8,80,7
8,81,8
8,82,13
8,83,2
8,84,16
8,85,7
8,88,14
8,89,9
8,90,6
8,91,19
8,92,6
8,93,5
8,94,10
8,95,10
8,97,6
8,98,19
8,99,5
8,100,2
8,102,3
8,103,11
8,105,4
8,107,8
8,108,9
8,109,7
8,110,16
8,111,18
8,112,8
8,113,15
8,114,12
8,115,20
8,116,2
8,118,2
8,119,17
8,120,7
8,121,5
8,122,16
8,123,15
8,124,10
8,125,4
8,127,11
8,128,2
8,129,16
8,130,2
8,131,5
8,132,10
8,133,1
8,134,10
8,136,19
8,137,12
8,138,16
8,139,14
8,140,19
8,141,7
8,142,6
8,143,8
8,144,18
8,145,16
8,146,4
8,147,10
8,148,6
8,150,1
8,152,3
8,153,20
8,154,8
8,155,5
8,156,15
8,157,14
8,158,4
8,159,11
8,160,8
8,161,17
8,162,4
8,163,3
8,164,2
8,165,18
8,166,18
8,167,11
8,169,12
8,171,2
8,172,13
8,173,5
8,174,2
8,175,4
8,177,12
8,179,10
9,12,1
9,13,3
9,15,11
9,16,5
9,18,6
9,20,3
9,21,16
9,22,1
9,24,7
9,26,15
9,27,9
9,28,18
9,29,16
9,30,16
9,31,11
9,32,15
9,33,15
9,34,5
9,35,12
9,38,8
9,40,14
9,41,6
9,42,5
9,43,8
9,44,9
9,45,9
9,46,11
9,48,3
9,49,10
9,50,11
9,52,7
9,53,10
9,55,15
9,57,12
9,58,18
9,59,14
9,60,19
9,61,7
9,64,1
9,65,12
9,66,6
9,67,13
9,69,2
9,70,11
9,71,13
9,72,10
9,73,20
9,74,14
9,75,20
9,76,5
9,77,6
9,78,14
9,79,19
9,82,6
9,83,18
9,84,18
9,85,7
9,86,17
9,87,5
9,88,4
9,89,14
9,90,13
9,92,19
9,94,19
9,95,2
9,96,20
9,97,9
9,98,16
9,99,10
9,100,13
9,101,17
9,102,8
9,103,1
9,104,13
9,105,14
9,107,18
9,108,17
9,109,17
9,110,11
9,111,17
9,112,3
9,115,8
9,116,3
9,117,2
9,118,5
9,119,9
9,121,12
9,122,20
9,123,18
9,124,16
9,125,4
9,127,11
9,128,6
9,129,18
9,130,11
9,131,17
9,132,19
9,134,4
9,135,7
9,136,15
9,138,16
9,139,11
9,140,1
9,141,3
9,142,13
9,144,10
9,145,2
9,146,1
9,149,6
9,150,2
9,151,7
9,153,4
9,154,6
9,156,8
9,158,19
9,159,15
9,160,5
9,161,4
9,162,17
9,163,7
9,164,20
9,166,8
9,169,9
9,170,11
9,172,2
9,173,10
9,175,20
9,176,20
9,177,20
10,11,13
10,12,8
10,13,15
10,14,18
10,15,6
10,16,2
10,17,19
10,19,13
10,20,12
10,21,18
10,22,11
10,24,2
10,27,16
10,28,5
10,29,13
10,30,8
10,31,11
10,32,18
10,34,7
10,35,8
10,36,17
10,37,13
10,38,11
10,39,8
10,40,15
10,41,15
10,42,20
10,43,19
10,44,8
10,45,8
10,46,1
10,48,14
10,49,8
10,50,3
10,51,8
10,52,5
10,53,17
10,54,11
10,55,11
10,56,19
10,58,15
10,59,14
10,61,16
10,62,2
10,63,12
10,64,2
10,65,6
10,66,19
10,68,1
10,69,19
10,70,10
10,71,15
10,72,2
10,73,11
10,74,4
10,75,9
10,76,6
10,77,6
10,78,15
10,79,12
10,80,17
10,81,16
10,82,17
10,84,6
10,85,7
10,86,19
10,87,11
10,88,4
10,89,18
10,90,17
10,91,10
10,93,17
10,94,8
10,96,2
10,97,19
10,98,13
10,99,12
10,100,19
10,105,13
10,106,5
10,107,13
10,108,14
10,109,10
10,110,4
10,111,18
10,113,20
10,114,16
10,115,20
10,116,2
10,117,20
10,118,3
10,120,4
10,121,20
10,122,11
10,123,13
10,124,15
10,125,2
10,126,7
10,127,5
10,128,20
10,130,6
10,131,11
10,132,18
10,133,13
10,134,4
10,135,3
10,136,7
10,137,20
10,139,15
10,140,4
10,141,11
10,142,6
10,143,20
10,144,8
10,145,1
10,146,2
10,147,5
10,149,7
10,152,3
10,153,19
10,154,15
10,155,9
10,156,3
10,157,16
10,158,3
10,161,11
10,162,11
10,163,19
10,164,7
10,167,16
10,168,7
10,169,18
10,170,12
10,171,19
10,172,14
10,173,1
10,175,6
10,176,17
10,178,17
10,179,3
11,13,5
11,14,2
11,16,13
11,17,9
11,19,6
11,21,9
11,22,14
11,23,14
11,24,2
11,25,18
11,26,8
11,27,17
11,28,1
11,29,19
11,30,20
11,33,9
11,34,19
11,36,2
11,37,20
11,38,4
11,39,6
11,40,14
11,41,20
11,44,4
11,45,2
11,47,18
11,48,3
11,49,8
11,54,9
11,55,2
11,56,11
11,57,2
11,58,3
11,59,14
11,62,18
11,64,20
11,65,1
11,66,16
11,67,5
11,68,20
11,69,10
11,70,20
11,71,15
11,72,7
11,73,11
11,74,14
11,75,4
11,76,20
11,77,12
11,78,3
11,79,15
11,80,2
11,81,16
11,82,9
11,84,13
11,87,14
11,88,13
11,89,1
11,91,5
11,92,12
11,93,20
11,94,19
11,95,16
11,97,20
11,98,12
11,99,2
11,100,18
11,102,10
11,104,13
11,105,8
11,106,15
11,107,11
11,108,1
11,109,2
11,110,13
11,111,4
11,112,10
11,113,20
11,114,19
11,115,20
11,116,3
11,117,13
11,118,15
11,119,15
11,120,1
11,122,11
11,123,1
11,125,16
11,126,11
11,127,10
11,128,12
11,129,16
11,130,15
11,131,17
11,132,17
11,133,7
11,134,19
11,135,20
11,136,3
11,137,9
11,139,5
11,140,15
11,141,6
11,142,7
11,143,19
11,145,17
11,146,7
11,147,20
11,148,4
11,149,16
11,151,17
11,152,10
11,154,12
11,155,12
11,156,16
11,157,5
11,158,6
11,159,16
11,160,3
11,161,5
11,162,3
11,163,2
11,164,5
11,165,20
11,166,5
11,167,11
11,168,2
11,169,3
11,170,6
11,171,2
11,172,9
11,173,13
11,174,3
11,175,1
11,176,2
11,177,6
11,179,4
12,13,11
12,15,15
12,17,19
12,18,14
12,19,17
12,20,14
12,21,2
12,23,3
12,24,13
12,25,1
12,27,7
12,28,14
12,29,20
12,30,12
12,32,15
12,33,10
12,34,5
12,35,1
12,36,15
12,37,19
12,39,4
12,41,3
12,42,1
12,43,6
12,44,18
12,45,20
12,46,18
12,47,3
12,48,14
12,49,10
12,50,2
12,51,20
12,52,13
12,53,14
12,55,18
12,57,4
12,58,20
12,60,18
12,61,20
12,62,3
12,63,4
12,64,10
12,65,8
12,66,19
12,67,4
12,68,11
12,69,8
12,70,16
12,71,17
12,72,1
12,73,14
12,74,2
12,75,8
12,76,4
12,77,3
12,78,3
12,80,14
12,81,12
12,83,10
12,84,20
12,86,19
12,87,7
12,88,20
12,89,19
12,90,17
12,91,5
12,92,10
12,94,5
12,98,7
12,99,13
12,100,18
12,101,16
12,103,17
12,104,20
12,106,11
12,107,9
12,110,19
12,111,17
12,112,13
12,113,9
12,114,17
12,115,13
12,116,6
12,117,3
12,118,13
12,119,20
12,120,20
12,121,18
12,122,19
12,123,3
12,124,10
12,125,5
12,126,15
12,128,19
12,129,10
12,130,2
12,131,13
12,135,15
12,136,10
12,137,7
12,140,14
12,143,18
12,145,2
12,146,13
12,147,16
12,148,14
12,149,18
12,150,17
12,151,8
12,152,8
12,154,18
12,155,16
12,156,7
12,157,3
12,159,18
12,161,5
12,162,1
12,164,6
12,165,2
12,166,9
12,167,18
12,169,11
12,170,14
12,171,2
12,174,3
12,175,9
12,178,6
13,14,14
13,15,14
13,16,2
13,17,7
13,18,20
13,20,15
13,21,16
13,22,8
13,23,16
13,24,13
13,25,3
13,27,7
13,29,14
13,30,15
13,31,6
13,32,2
13,34,8
13,35,16
13,38,11
13,39,1
13,40,12
13,41,18
13,42,15
13,43,3
13,44,12
13,45,6
13,46,8
13,47,19
13,48,8
13,49,7
13,50,2
13,51,4
13,52,7
13,53,9
13,54,5
13,55,4
13,56,9
13,57,1
13,59,17
13,64,7
13,68,18
13,69,15
13,70,8
13,71,19
13,72,11
13,74,16
13,75,15
13,77,14
13,78,1
13,79,6
13,80,18
13,82,17
13,84,12
13,85,17
13,86,16
13,87,3
13,88,4
13,89,10
13,91,12
13,93,16
13,94,3
13,95,2
13,97,15
13,98,8
13,99,1
13,100,9
13,101,16
13,103,6
13,104,9
13,105,9
13,107,8
13,108,3
13,109,20
13,110,19
13,111,13
13,112,7
13,114,14
13,115,7
13,116,20
13,117,1
13,119,13
13,120,19
13,121,2
13,122,13
13,123,5
13,124,9
13,125,7
13,126,16
13,127,11
13,128,3
13,129,2
13,131,20
13,132,10
13,133,9
13,134,5
13,136,11
13,138,17
13,139,14
13,140,4
13,141,16
13,142,12
13,143,6
13,144,19
13,145,15
13,146,5
13,147,8
13,148,11
13,149,7
13,150,9
13,151,10
13,152,20
13,154,17
13,155,13
13,156,18
13,158,20
13,159,3
13,161,1
13,162,5
13,164,11
13,166,20
13,167,19
13,168,3
13,169,16
13,170,17
13,171,13
13,173,14
13,174,15
13,175,7
13,176,10
13,179,8
14,16,20
14,17,17
14,18,2
14,19,5
14,20,15
14,22,13
14,24,11
14,25,12
14,26,12
14,27,7
14,28,9
14,29,5
14,34,2
14,36,4
14,38,15
14,40,7
14,42,8
14,43,2
14,44,2
14,46,2
14,48,9
14,49,8
14,50,18
14,51,1
14,52,19
14,53,2
14,55,15
14,57,20
14,58,12
14,59,6
14,60,8
14,61,16
14,62,6
14,63,7
14,64,12
14,65,10
14,66,2
14,67,8
14,68,10
14,70,9
14,71,15
14,73,14
14,74,9
14,76,9
14,77,9
14,78,20
14,79,5
14,80,14
14,81,16
14,82,7
14,83,4
14,85,14
14,86,4
14,87,3
14,88,5
14,89,13
14,90,17
14,91,9
14,92,7
14,93,15
14,94,10
14,95,13
14,96,7
14,97,12
14,98,14
14,99,13
14,100,6
14,101,14
14,102,12
14,103,10
14,105,13
14,106,5
14,107,14
14,108,4
14,109,14
14,110,20
14,111,3
14,112,11
14,113,6
14,116,16
14,117,6
14,118,8
14,119,12
14,120,20
14,121,1
14,122,17
14,123,15
14,124,2
14,127,16
14,128,11
14,129,3
14,131,1
14,132,10
14,134,12
14,135,2
14,136,12
14,137,20
14,138,18
14,139,6
14,140,5
14,141,15
14,143,11
14,144,16
14,145,16
14,146,18
14,147,4
14,148,8
14,149,17
14,150,7
14,151,15
14,152,3
14,153,7
14,154,16
14,155,9
14,156,2
14,157,20
14,158,20
14,159,3
14,160,2
14,161,9
14,162,2
14,164,5
14,165,20
14,166,5
14,167,19
14,168,13
14,169,11
14,170,19
14,171,16
14,172,11
14,174,16
14,175,16
14,176,15
14,178,9
14,179,11
15,16,9
15,17,14
15,18,19
15,19,15
15,20,5
15,21,17
15,23,8
15,24,4
15,25,15
15,26,3
15,27,20
15,29,13
15,30,19
15,31,1
15,32,18
15,33,6
15,35,15
15,36,4
15,37,12
15,38,5
15,39,15
15,40,12
15,41,6
15,42,20
15,43,16
15,45,6
15,46,17
15,47,18
15,48,4
15,49,2
15,50,11
15,51,2
15,53,20
15,54,9
15,55,16
15,56,8
15,57,14
15,58,15
15,59,16
15,60,12
15,61,17
15,62,8
15,63,3
15,65,3
15,66,2
15,69,4
15,70,13
15,71,9
15,72,9
15,73,1
15,74,18
15,75,17
15,76,4
15,77,19
15,79,3
15,81,13
15,82,5
15,83,15
15,84,10
15,86,13
15,87,16
15,88,2
15,89,4
15,90,5
15,91,8
15,92,18
15,93,11
15,94,18
15,95,3
15,96,11
15,98,4
15,99,3
15,100,20
15,101,12
15,102,11
15,103,9
15,104,7
15,105,5
15,106,4
15,107,13
15,108,4
15,110,20
15,111,13
15,112,8
15,113,4
15,114,12
15,117,16
15,119,4
15,120,1
15,121,8
15,123,9
15,125,9
15,126,11
15,127,11
15,128,19
15,130,1
15,132,9
15,133,5
15,135,2
15,136,17
15,137,15
15,138,15
15,139,10
15,140,5
15,141,15
15,142,18
15,143,9
15,144,10
15,145,6
15,146,12
15,147,12
15,148,18
15,149,10
15,150,11
15,152,14
15,153,19
15,155,12
15,157,9
15,158,7
15,159,13
15,160,2
15,162,4
15,163,15
15,164,5
15,165,10
15,166,14
15,167,4
15,168,1
15,169,18
15,170,14
15,171,5
15,173,7
15,174,8
15,175,7
15,176,7
15,177,3
15,178,15
15,179,7
16,18,14
16,19,14
16,20,2
16,21,20
16,22,1
16,24,9
16,25,3
16,26,15
16,27,13
16,28,15
16,29,12
16,33,11
16,35,18
16,36,19
16,37,17
16,38,15
16,39,17
16,40,13
16,41,8
16,42,7
16,43,1
16,44,13
16,45,20
16,46,12
16,47,2
16,48,12
16,49,10
16,50,10
16,51,19
16,52,14
16,54,14
16,56,2
16,57,9
16,58,15
16,59,16
16,60,9
16,61,10
16,63,8
16,64,2
16,66,3
16,67,17
16,68,6
16,70,18
16,71,1
16,73,13
16,74,14
16,75,4
16,76,8
16,77,12
16,78,15
16,79,12
16,80,5
16,81,15
16,83,9
16,84,5
16,85,1
16,86,13
16,87,19
16,88,6
16,90,11
16,91,20
16,92,12
16,93,13
16,94,20
16,95,18
16,96,9
16,97,15
16,99,6
16,100,9
16,101,16
16,102,17
16,103,16
16,104,12
16,105,20
16,106,17
16,107,5
16,108,12
16,109,8
16,110,2
16,111,20
16,112,15
16,113,5
16,114,13
16,115,20
16,117,7
16,120,14
16,121,18
16,123,4
16,124,12
16,125,13
16,126,15
16,127,3
16,128,5
16,130,15
16,131,16
16,132,16
16,133,15
16,134,3
16,135,12
16,137,15
16,138,4
16,139,15
16,140,8
16,141,9
16,142,8
16,143,14
16,145,14
16,146,3
16,148,4
16,149,7
16,150,2
16,152,16
16,153,13
16,154,6
16,155,18
16,157,4
16,158,4
16,159,19
16,160,3
16,162,18
16,163,12
16,164,10
16,165,5
16,166,8
16,168,18
16,169,20
16,171,10
16,173,5
16,174,3
16,175,8
16,176,2
16,177,13
16,178,10
16,179,4
17,18,12
17,19,8
17,20,12
17,21,4
17,23,20
17,24,13
17,25,20
17,26,16
17,27,18
17,28,3
17,29,6
17,30,5
17,34,3
17,35,15
17,36,20
17,37,18
17,38,10
17,39,14
17,40,9
17,41,17
17,42,10
17,43,18
17,44,9
17,45,4
17,47,8
17,48,13
17,49,14
17,51,1
17,53,15
17,54,7
17,55,5
17,56,15
17,57,12
17,58,10
17,59,2
17,61,12
17,63,4
17,67,13
17,68,3
17,69,4
17,70,18
17,72,12
17,73,15
17,74,9
17,75,11
17,76,19
17,77,7
17,79,17
17,80,4
17,81,17
17,82,2
17,83,16
17,85,15
17,86,7
17,87,5
17,88,19
17,89,8
17,91,10
17,92,5
17,93,5
17,95,16
17,97,14
17,99,4
17,100,1
17,101,12
17,104,12
17,105,6
17,107,1
17,108,18
17,109,1
17,111,12
17,113,9
17,116,20
17,117,18
17,118,10
17,119,10
17,120,16
17,122,6
17,123,14
17,124,5
17,125,2
17,127,7
17,128,15
17,129,20
17,130,11
17,134,9
17,135,11
17,137,15
17,138,4
17,139,20
17,140,7
17,141,14
17,142,11
17,144,4
17,145,3
17,146,1
17,147,3
17,148,4
17,151,4
17,152,13
17,153,15
17,154,10
17,156,1
17,159,18
17,160,12
17,161,9
17,162,6
17,163,7
17,164,1
17,165,5
17,166,5
17,167,9
17,168,7
17,169,3
17,170,19
17,171,5
17,172,12
17,173,1
17,174,16
17,175,4
17,176,13
17,177,1
17,178,13
18,21,13
18,22,17
18,23,20
18,24,6
18,26,1
18,27,18
18,28,3
18,30,16
18,32,12
18,33,7
18,35,4
18,36,2
18,37,4
18,38,8
18,41,9
18,42,7
18,44,6
18,45,19
18,46,4
18,48,6
18,49,18
18,50,1
18,51,18
18,52,6
18,53,4
18,54,9
18,55,14
18,56,11
18,57,8
18,58,2
18,59,13
18,60,11
18,61,4
18,62,17
18,63,6
18,64,20
18,65,9
18,66,14
18,67,13
18,68,1
18,69,15
18,70,16
18,71,10
18,72,14
18,73,12
18,74,14
18,76,3
18,77,13
18,79,20
18,80,17
18,81,7
18,82,19
18,83,7
18,84,8
18,86,16
18,87,9
18,88,8
18,90,17
18,91,9
18,93,8
18,95,8
18,96,15
18,97,11
18,98,15
18,99,13
18,102,1
18,103,2
18,105,1
18,106,16
18,107,1
18,108,5
18,109,16
18,110,5
18,111,18
18,113,12
18,114,15
18,115,13
18,117,19
18,118,17
18,119,7
18,120,4
18,121,2
18,122,17
18,124,16
18,126,13
18,127,4
18,128,16
18,129,6
18,131,10
18,133,13
18,135,19
18,136,6
18,137,2
18,138,13
18,140,14
18,141,13
18,142,13
18,143,20
18,144,19
18,145,18
18,146,20
18,148,18
18,149,14
18,150,5
18,151,3
18,153,20
18,155,15
18,157,19
18,158,18
18,159,8
18,160,11
18,163,19
18,164,14
18,166,11
18,167,8
18,168,6
18,169,12
18,170,16
18,171,17
18,172,4
18,173,1
18,174,12
18,175,15
18,176,14
18,177,4
18,178,3
19,20,13
19,22,4
19,23,20
19,24,2
19,25,19
19,26,13
19,27,2
19,28,12
19,29,11
19,30,5
19,31,2
19,32,18
19,33,8
19,34,15
19,35,12
19,36,3
19,37,20
19,38,4
19,39,10
19,40,13
19,41,8
19,42,3
19,44,5
19,45,20
19,46,4
19,47,5
19,48,15
19,49,20
19,50,17
19,51,10
19,52,7
19,53,4
19,54,15
19,55,17
19,56,1
19,58,20
19,60,2
19,62,10
19,63,15
19,64,8
19,65,7
19,66,2
19,67,10
19,68,16
19,69,7
19,70,15
19,71,7
19,73,8
19,74,8
19,75,20
19,76,6
19,77,2
19,78,6
19,79,15
19,80,17
19,81,2
19,82,3
19,83,10
19,84,15
19,85,14
19,86,9
19,87,19
19,92,10
19,94,6
19,96,17
19,97,10
19,98,9
19,99,4
19,100,15
19,101,15
19,102,17
19,103,12
19,106,7
19,107,14
19,108,17
19,109,14
19,110,8
19,111,15
19,113,8
19,114,5
19,116,14
19,118,9
19,119,8
19,120,10
19,121,8
19,122,19
19,123,11
19,124,2
19,125,5
19,126,1
19,127,4
19,128,18
19,130,14
19,131,2
19,132,14
19,133,10
19,135,13
19,136,12
19,137,6
19,141,14
19,143,10
19,144,5
19,145,11
19,146,8
19,147,19
19,148,18
19,149,5
19,152,18
19,153,17
19,155,11
19,156,16
19,157,16
19,158,5
19,159,5
19,160,9
19,161,12
19,162,13
19,163,6
19,164,5
19,165,7
19,166,16
19,167,2
19,168,20
19,169,5
19,170,1
19,171,12
19,175,7
19,177,8
19,178,20
20,22,6
20,23,2
20,24,1
20,25,1
20,26,9
20,27,10
20,28,1
20,29,4
20,30,7
20,31,14
20,32,17
20,35,6
20,37,6
20,39,19
20,42,17
20,43,5
20,44,8
20,45,12
20,46,14
20,48,6
20,49,11
20,50,17
20,53,17
20,54,11
20,55,3
20,56,7
20,57,2
20,58,18
20,60,3
20,62,5
20,63,17
20,64,9
20,65,12
20,66,16
20,67,10
20,68,6
20,69,12
20,70,14
20,71,16
20,72,19
20,73,6
20,74,17
20,75,18
20,76,1
20,77,1
20,78,5
20,79,11
20,80,15
20,81,7
20,82,6
20,84,16
20,85,5
20,86,3
20,88,17
20,89,12
20,90,10
20,91,11
20,92,2
20,93,7
20,94,9
20,95,6
20,96,9
20,97,7
20,98,14
20,99,2
20,100,19
20,101,10
20,103,8
20,104,1
20,105,19
20,106,16
20,107,1
20,108,15
20,109,3
20,110,8
20,111,13
20,112,11
20,114,11
20,115,17
20,116,17
20,117,12
20,118,8
20,119,18
20,120,11
20,121,17
20,123,16
20,124,8
20,125,6
20,126,4
20,127,16
20,128,15
20,129,2
20,130,16
20,131,15
20,132,2
20,133,2
20,134,7
20,135,18
20,138,16
20,139,19
20,140,17
20,141,1
20,142,13
20,144,20
20,145,12
20,146,13
20,147,4
20,149,5
20,151,17
20,152,11
20,153,9
20,154,13
20,156,2
20,157,19
20,158,20
20,159,7
20,160,18
20,161,9
20,162,10
20,163,12
20,164,1
20,166,19
20,167,8
20,169,8
20,171,9
20,172,16
20,173,19
20,174,17
20,175,4
20,176,16
20,177,9
20,178,5
20,179,12
21,22,9
21,23,9
21,24,2
21,25,20
21,27,7
21,28,8
21,29,15
21,30,10
21,33,19
21,34,13
21,36,4
21,38,6
21,40,1
21,41,19
21,42,11
21,43,7
21,45,19
21,46,3
21,47,8
21,48,13
21,50,11
21,51,13
21,53,2
21,54,7
21,55,13
21,58,16
21,59,14
21,60,11
21,61,5
21,62,12
21,63,6
21,65,1
21,67,13
21,68,16
21,69,14
21,70,9
21,71,10
21,72,6
21,74,11
21,75,13
21,76,6
21,77,4
21,78,20
21,79,4
21,80,13
21,81,20
21,82,5
21,85,20
21,86,2
21,87,11
21,88,11
21,89,9
21,90,12
21,91,4
21,92,19
21,93,2
21,95,8
21,96,8
21,97,12
21,98,10
21,99,1
21,100,2
21,102,12
21,103,8
21,104,2
21,107,5
21,108,4
21,109,1
21,111,7
21,112,8
21,114,6
21,115,10
21,117,14
21,118,15
21,119,5
21,120,11
21,121,11
21,123,20
21,124,11
21,125,15
21,126,13
21,127,3
21,129,13
21,130,18
21,134,11
21,135,19
21,137,16
21,139,16
21,140,12
21,141,4
21,142,13
21,143,6
21,144,17
21,145,7
21,146,17
21,147,7
21,148,4
21,149,7
21,150,15
21,151,11
21,152,19
21,153,13
21,154,16
21,155,8
21,156,10
21,157,8
21,158,9
21,159,7
21,161,5
21,162,3
21,163,2
21,164,10
21,165,18
21,166,17
21,167,14
21,168,10
21,170,1
21,171,2
21,172,15
21,174,17
21,175,8
21,176,12
21,177,9
21,179,12
22,24,7
22,25,14
22,26,18
22,27,6
22,28,1
22,29,18
22,30,2
22,31,15
22,32,14
22,33,17
22,34,9
22,38,16
22,40,8
22,41,20
22,43,19
22,44,11
22,45,11
22,46,11
22,48,2
22,49,14
22,50,10
22,51,13
22,52,3
22,53,12
22,54,2
22,55,9
22,56,18
22,57,11
22,58,6
22,59,11
22,60,10
22,61,1
22,63,12
22,64,12
22,65,13
22,67,18
22,68,2
22,69,5
22,70,10
22,71,7
22,73,14
22,74,3
22,76,8
22,77,12
22,78,3
22,79,1
22,80,5
22,81,1
22,83,4
22,85,10
22,86,14
22,88,11
22,89,6
22,91,7
22,92,15
22,93,3
22,95,4
22,96,5
22,97,15
22,98,18
22,101,11
22,102,18
22,103,4
22,104,19
22,105,17
22,107,10
22,108,14
22,109,12
22,110,13
22,111,6
22,113,18
22,114,4
22,115,13
22,117,14
22,118,6
22,120,18
22,122,11
22,123,16
22,124,1
22,125,15
22,126,15
22,127,7
22,128,6
22,129,8
22,130,10
22,131,17
22,132,9
22,133,16
22,136,3
22,137,1
22,139,6
22,140,14
22,141,9
22,142,7
22,143,5
22,144,10
22,146,14
22,147,10
22,148,17
22,150,13
22,151,8
22,152,16
22,153,19
22,154,16
22,155,1
22,156,1
22,157,15
22,159,14
22,160,1
22,161,18
22,162,19
22,163,16
22,164,1
22,165,15
22,166,16
22,167,16
22,168,6
22,169,2
22,170,20
22,171,10
22,173,7
22,174,19
22,175,15
22,176,8
22,178,10
22,179,7
23,24,8
23,25,16
23,26,16
23,27,10
23,28,4
23,29,7
23,30,8
23,31,19
23,32,3
23,33,11
23,34,13
23,35,7
23,36,14
23,37,4
23,38,17
23,39,9
23,40,3
23,41,17
23,43,3
23,44,10
23,45,3
23,48,8
23,49,8
23,50,18
23,51,20
23,52,5
23,53,12
23,54,14
23,57,6
23,58,12
23,59,1
23,60,8
23,61,7
23,62,1
23,63,13
23,64,1
23,65,7
23,66,13
23,67,9
23,68,19
23,69,19
23,70,7
23,73,4
23,74,17
23,75,5
23,76,14
23,77,5
23,78,2
23,79,10
23,80,8
23,81,13
23,82,14
23,83,16
23,84,1
23,85,9
23,86,6
23,87,6
23,88,18
23,90,12
23,91,6
23,92,10
23,93,19
23,94,17
23,95,17
23,97,20
23,98,14
23,100,4
23,101,2
23,102,18
23,103,5
23,104,3
23,105,10
23,106,7
23,108,13
23,109,11
23,112,19
23,113,4
23,114,4
23,115,3
23,116,3
23,117,12
23,120,5
23,121,9
23,122,16
23,123,3
23,124,10
23,125,10
23,127,1
23,128,1
23,129,13
23,130,13
23,131,5
23,133,2
23,134,15
23,135,11
23,136,18
23,137,12
23,138,19
23,139,3
23,140,15
23,141,7
23,142,2
23,143,16
23,144,7
23,145,13
23,146,8
23,147,7
23,148,5
23,149,19
23,150,11
23,151,16
23,153,20
23,155,14
23,156,4
23,157,19
23,159,6
23,161,7
23,162,13
23,163,15
23,164,7
23,165,4
23,170,8
23,171,10
23,172,8
23,173,10
23,174,18
23,175,15
23,176,17
23,178,14
23,179,2
24,25,18
24,26,7
24,27,7
24,28,16
24,29,16
24,31,20
24,32,12
24,33,16
24,34,4
24,35,12
24,36,19
24,37,15
24,38,13
24,40,9
24,42,9
24,43,8
24,44,16
24,47,15
24,48,9
24,49,9
24,51,12
24,52,11
24,53,9
24,54,18
24,55,3
24,56,6
24,57,2
24,58,3
24,59,17
24,60,6
24,61,8
24,62,13
24,63,18
24,64,9
24,65,12
24,66,10
24,67,1
24,69,1
24,70,18
24,71,15
24,72,12
24,73,11
24,75,5
24,76,12
24,79,6
24,80,20
24,82,14
24,83,18
24,84,5
24,86,18
24,88,15
24,89,19
24,91,9
24,92,9
24,93,15
24,94,20
24,96,7
24,97,12
24,98,17
24,99,8
24,100,18
24,101,2
24,102,5
24,103,19
24,105,14
24,106,3
24,107,7
24,108,3
24,110,15
24,112,17
24,115,10
24,116,1
24,118,3
24,119,19
24,120,7
24,122,4
24,124,7
24,125,10
24,126,1
24,127,16
24,128,11
24,129,8
24,130,18
24,131,6
24,132,5
24,133,6
24,134,15
24,135,6
24,136,1
24,137,15
24,138,13
24,139,8
24,140,3
24,141,12
24,142,1
24,143,11
24,144,3
24,145,16
24,149,13
24,150,18
24,151,3
24,152,19
24,153,14
24,155,19
24,158,13
24,159,9
24,160,15
24,161,2
24,162,13
24,163,13
24,164,19
24,165,2
24,167,17
24,168,7
24,169,8
24,170,16
24,171,1
24,172,11
24,173,10
24,174,7
24,175,18
24,177,1
24,178,15
24,179,12
25,26,12
25,28,2
25,29,4
25,32,7
25,33,17
25,34,16
25,35,8
25,36,8
25,37,10
25,38,12
25,39,11
25,41,12
25,42,9
25,43,11
25,46,7
25,48,4
25,49,1
25,51,18
25,53,13
25,54,7
25,57,3
25,59,6
25,60,1
25,61,7
25,62,7
25,63,1
25,64,17
25,66,10
25,67,20
25,68,17
25,69,18
25,70,6
25,71,5
25,72,5
25,74,6
25,75,10
25,76,20
25,77,3
25,78,5
25,80,20
25,83,11
25,85,13
25,86,16
25,87,8
25,89,2
25,91,16
25,92,6
25,93,16
25,94,2
25,95,3
25,96,6
25,97,5
25,99,14
25,101,18
25,102,9
25,103,8
25,104,6
25,105,12
25,106,16
25,107,18
25,109,7
25,111,2
25,112,8
25,113,14
25,114,16
25,115,2
25,116,14
25,117,5
25,118,15
25,119,10
25,120,14
25,121,19
25,122,5
25,123,8
25,124,1
25,125,16
25,128,3
25,129,9
25,131,14
25,132,8
25,133,19
25,134,19
25,135,19
25,136,8
25,138,1
25,139,16
25,141,3
25,143,15
25,146,5
25,147,6
25,148,15
25,149,9
25,150,8
25,151,4
25,152,7
25,153,14
25,154,3
25,155,6
25,156,20
25,159,15
25,160,7
25,161,4
25,162,6
25,163,2
25,165,14
25,166,17
25,167,9
25,170,2
25,171,19
25,173,9
25,174,10
25,175,4
25,176,19
25,177,19
25,178,12
25,179,12
26,27,5
26,29,16
26,30,4
26,31,10
26,32,11
26,33,5
26,34,4
26,35,4
26,37,12
26,38,2
26,39,13
26,40,17
26,41,17
26,42,19
26,43,7
26,44,2
26,45,7
26,47,11
26,48,1
26,49,19
26,51,19
26,52,10
26,54,18
26,55,16
26,56,16
26,58,18
26,59,11
26,60,7
26,61,12
26,62,19
26,63,5
26,64,19
26,66,18
26,67,18
26,68,7
26,69,19
26,70,2
26,71,17
26,73,15
26,74,9
26,76,9
26,77,4
26,78,2
26,83,3
26,84,17
26,85,4
26,86,13
26,90,11
26,92,13
26,93,3
26,95,5
26,97,13
26,98,1
26,99,11
26,100,19
26,102,3
26,103,19
26,104,8
26,105,9
26,106,9
26,108,3
26,109,16
26,110,16
26,111,2
26,113,18
26,114,16
26,115,11
26,116,6
26,117,10
26,119,1
26,120,7
26,121,2
26,124,15
26,125,8
26,126,18
26,127,2
26,128,4
26,129,12
26,130,11
26,132,6
26,133,10
26,134,12
26,135,13
26,136,14
26,137,9
26,139,8
26,140,5
26,141,7
26,144,11
26,145,14
26,146,18
26,147,14
26,148,19
26,149,9
26,150,9
26,151,20
26,152,4
26,157,13
26,158,11
26,160,11
26,161,12
26,162,16
26,163,18
26,165,11
26,166,8
26,167,15
26,168,11
26,169,15
26,171,5
26,172,5
26,174,13
26,175,5
26,177,6
26,178,19
26,179,1
27,28,20
27,29,9
27,30,10
27,31,10
27,32,16
27,33,15
27,34,15
27,35,20
27,36,5
27,38,16
27,39,13
27,40,10
27,41,20
27,44,2
27,45,14
27,47,12
27,49,10
27,50,14
27,51,2
27,52,11
27,53,10
27,54,3
27,56,19
27,57,3
27,58,4
27,60,20
27,61,8
27,62,5
27,63,3
27,64,1
27,65,1
27,66,9
27,68,20
27,69,9
27,71,8
27,72,5
27,73,16
27,74,2
27,75,9
27,76,8
27,78,5
27,80,4
27,82,17
27,83,13
27,84,18
27,85,6
27,86,9
27,87,1
27,88,10
27,89,5
27,90,17
27,91,2
27,92,15
27,93,17
27,96,1
27,97,4
27,98,17
27,99,8
27,101,8
27,102,16
27,103,18
27,104,14
27,107,7
27,108,8
27,109,3
27,110,4
27,112,14
27,114,13
27,117,5
27,118,19
27,119,7
27,120,3
27,122,3
27,123,18
27,125,17
27,126,6
27,128,13
27,130,4
27,131,3
27,132,15
27,134,18
27,135,12
27,136,2
27,137,10
27,138,4
27,139,15
27,141,19
27,142,15
27,143,12
27,144,16
27,145,2
27,146,18
27,147,14
27,148,8
27,149,17
27,150,9
27,151,15
27,152,14
27,154,9
27,155,14
27,156,4
27,157,17
27,158,5
27,159,17
27,160,12
27,162,10
27,163,10
27,164,18
27,166,18
27,167,9
27,170,13
27,171,10
27,172,8
27,173,7
27,174,13
27,175,7
27,176,18
27,177,16
27,178,20
27,179,11
28,30,5
28,31,14
28,33,10
28,34,15
28,35,19
28,36,7
28,37,10
28,38,5
28,39,11
28,40,10
28,42,5
28,43,20
28,44,4
28,46,1
28,47,16
28,49,16
28,50,15
28,52,17
28,54,17
28,55,2
28,56,9
28,57,3
28,59,4
28,60,2
28,61,9
28,62,5
28,63,19
28,65,7
28,66,5
28,68,11
28,69,13
28,70,19
28,72,19
28,73,12
28,74,2
28,75,18
28,77,9
28,78,15
28,79,14
28,80,14
28,81,16
28,83,13
28,85,17
28,86,16
28,87,5
28,88,3
28,89,19
28,90,18
28,92,17
28,93,14
28,94,12
28,95,6
28,97,16
28,99,14
28,100,15
28,102,6
28,103,9
28,105,18
28,106,3
28,107,5
28,109,1
28,112,17
28,113,18
28,114,4
28,115,14
28,118,5
28,119,2
28,120,19
28,121,14
28,122,7
28,123,1
28,124,6
28,125,5
28,126,4
28,127,9
28,128,17
28,129,16
28,130,2
28,131,2
28,133,10
28,135,3
28,136,10
28,139,16
28,140,3
28,141,5
28,142,5
28,144,6
28,145,17
28,149,2
28,150,12
28,151,1
28,152,13
28,153,9
28,154,17
28,155,14
28,156,2
28,157,11
28,159,14
28,161,15
28,162,10
28,163,16
28,165,9
28,166,19
28,167,6
28,168,8
28,169,4
28,171,9
28,172,2
28,173,10
28,174,1
28,176,12
28,177,9
28,178,18
28,179,19
29,30,19
29,31,13
29,32,4
29,33,14
29,34,15
29,35,4
29,36,16
29,38,16
29,39,6
29,40,1
29,41,13
29,42,9
29,43,13
29,44,8
29,45,11
29,47,5
29,49,18
29,50,7
29,51,11
29,52,5
29,53,2
29,54,5
29,55,1
29,56,9
29,57,9
29,58,5
29,59,13
29,60,16
29,63,6
29,64,2
29,66,9
29,68,4
29,69,7
29,70,3
29,71,18
29,72,18
29,73,11
29,74,3
29,75,6
29,76,12
29,77,19
29,78,14
29,79,2
29,80,1
29,82,18
29,85,14
29,87,17
29,88,12
29,89,14
29,90,20
29,91,17
29,93,18
29,94,11
29,95,20
29,96,8
29,97,18
29,98,6
29,100,4
29,101,12
29,102,7
29,103,1
29,104,4
29,106,9
29,108,11
29,109,1
29,110,15
29,111,3
29,112,19
29,113,11
29,114,10
29,116,7
29,118,7
29,119,1
29,120,13
29,121,9
29,122,13
29,124,2
29,125,14
29,126,9
29,127,13
29,128,8
29,129,18
29,131,16
29,132,6
29,133,12
29,136,15
29,137,17
29,138,18
29,140,6
29,141,1
29,142,17
29,143,14
29,144,17
29,146,10
29,147,4
29,148,9
29,149,19
29,150,10
29,151,19
29,152,12
29,153,8
29,154,17
29,155,6
29,157,17
29,158,5
29,159,10
29,160,8
29,161,8
29,163,3
29,164,13
29,166,7
29,167,3
29,170,14
29,171,20
29,172,5
29,173,19
29,175,15
29,177,10
29,178,20
29,179,2
30,31,7
30,32,6
30,33,11
30,34,5
30,35,14
30,36,11
30,39,3
30,40,14
30,41,4
30,43,13
30,44,3
30,45,7
30,46,20
30,47,11
30,48,1
30,49,1
30,50,10
30,51,2
30,52,9
30,53,2
30,56,20
30,57,14
30,58,15
30,59,12
30,60,7
30,62,16
30,63,16
30,65,20
30,67,12
30,68,5
30,69,1
30,70,2
30,71,8
30,72,4
30,73,10
30,74,17
30,75,10
30,76,7
30,77,13
30,78,13
30,79,10
30,80,4
30,81,3
30,83,10
30,84,20
30,85,1
30,86,2
30,87,7
30,88,14
30,89,14
30,90,1
30,92,17
30,93,14
30,94,7
30,97,5
30,98,4
30,100,11
30,101,14
30,102,16
30,103,10
30,105,7
30,106,8
30,108,12
30,109,12
30,110,13
30,112,20
30,113,18
30,114,1
30,115,2
30,116,13
30,118,11
30,119,17
30,120,2
30,121,6
30,122,15
30,123,11
30,124,18
30,125,16
30,126,17
30,127,13
30,128,12
30,130,11
30,131,1
30,132,18
30,133,3
30,134,13
30,135,18
30,136,14
30,137,13
30,138,2
30,139,1
30,140,7
30,141,7
30,142,5
30,143,6
30,144,9
30,147,6
30,148,20
30,150,1
30,153,17
30,156,15
30,158,20
30,159,8
30,160,8
30,161,14
30,162,3
30,163,5
30,164,15
30,165,17
30,167,8
30,168,17
30,172,9
30,173,12
30,174,2
30,175,14
30,176,12
30,177,15
30,178,7
30,179,19
31,32,8
31,33,4
31,34,12
31,35,13
31,36,4
31,37,17
31,38,13
31,39,8
31,40,17
31,41,3
31,42,10
31,43,6
31,44,18
31,45,8
31,46,20
31,47,16
31,48,15
31,49,8
31,50,3
31,51,19
31,52,17
31,53,16
31,54,18
31,55,2
31,56,15
31,57,9
31,58,6
31,59,3
31,60,9
31,61,16
31,62,9
31,63,3
31,64,4
31,65,18
31,66,19
31,67,7
31,69,5
31,70,16
31,71,5
31,72,12
31,73,5
31,74,16
31,75,3
31,78,19
31,79,17
31,80,12
31,82,15
31,84,18
31,85,18
31,86,12
31,88,1
31,90,2
31,91,9
31,93,8
31,94,5
31,95,13
31,99,18
31,101,2
31,102,7
31,104,18
31,105,17
31,106,11
31,107,14
31,109,1
31,110,17
31,111,13
31,113,10
31,114,18
31,116,10
31,117,2
31,118,11
31,119,12
31,120,1
31,121,1
31,122,4
31,123,7
31,125,9
31,126,18
31,127,4
31,128,2
31,129,9
31,130,17
31,131,7
31,133,2
31,134,12
31,135,7
31,136,5
31,137,6
31,138,12
31,139,14
31,141,8
31,142,3
31,143,6
31,144,3
31,146,6
31,147,1
31,149,12
31,151,15
31,152,5
31,153,11
31,154,11
31,156,2
31,157,16
31,158,16
31,159,5
31,160,7
31,161,14
31,163,17
31,164,2
31,165,13
31,166,16
31,167,2
31,168,7
31,169,18
31,170,18
31,171,1
31,173,8
31,174,9
31,175,3
32,33,20
32,34,15
32,35,5
32,36,7
32,37,19
32,38,14
32,40,12
32,42,5
32,43,13
32,44,13
32,45,14
32,46,7
32,47,20
32,48,16
32,49,18
32,50,7
32,52,7
32,53,13
32,54,12
32,55,9
32,56,9
32,58,20
32,59,19
32,61,17
32,62,8
32,63,14
32,64,20
32,65,5
32,66,12
32,67,4
32,69,20
32,70,16
32,71,8
32,72,18
32,73,13
32,74,5
32,75,1
32,76,14
32,77,16
32,78,4
32,80,11
32,81,8
32,83,9
32,84,17
32,87,12
32,88,12
32,90,18
32,91,3
32,94,2
32,95,19
32,96,10
32,97,11
32,99,18
32,100,16
32,102,6
32,103,14
32,104,9
32,105,5
32,106,9
32,108,12
32,109,11
32,110,20
32,111,12
32,113,3
32,115,3
32,116,5
32,117,7
32,118,5
32,119,4
32,120,13
32,121,7
32,122,13
32,123,15
32,124,8
32,126,11
32,127,17
32,128,7
32,129,2
32,130,5
32,132,10
32,133,15
32,134,16
32,135,11
32,137,1
32,138,15
32,140,13
32,142,13
32,143,17
32,144,6
32,145,6
32,146,7
32,147,17
32,148,14
32,149,18
32,150,9
32,151,12
32,152,12
32,153,1
32,154,16
32,155,15
32,156,13
32,157,16
32,159,12
32,160,2
32,162,17
32,163,9
32,164,18
32,165,18
32,167,5
32,169,2
32,170,14
32,171,11
32,172,4
32,173,9
32,174,20
32,175,20
32,178,10
32,179,2
33,34,11
33,36,16
33,37,18
33,38,1
33,39,18
33,40,14
33,41,1
33,43,17
33,44,3
33,45,10
33,47,11
33,48,12
33,49,15
33,50,10
33,51,19
33,52,5
33,53,16
33,54,5
33,55,7
33,57,5
33,58,6
33,59,17
33,60,11
33,61,5
33,62,1
33,63,20
33,64,17
33,65,10
33,66,2
33,68,15
33,70,6
33,71,6
33,72,4
33,73,18
33,74,7
33,75,11
33,78,11
33,79,15
33,82,19
33,84,9
33,85,16
33,86,15
33,87,5
33,88,17
33,89,2
33,90,13
33,91,10
33,92,9
33,93,8
33,94,12
33,95,10
33,96,14
33,98,1
33,99,1
33,100,8
33,102,9
33,105,16
33,106,12
33,109,16
33,110,14
33,111,3
33,112,7
33,113,12
33,114,11
33,115,6
33,116,12
33,117,11
33,118,8
33,122,7
33,123,6
33,124,15
33,126,15
33,127,1
33,129,2
33,130,2
33,131,17
33,132,8
33,133,17
33,134,4
33,136,2
33,137,19
33,139,1
33,140,4
33,141,10
33,142,8
33,143,12
33,144,18
33,145,3
33,147,10
33,149,4
33,150,13
33,151,6
33,152,11
33,156,16
33,157,13
33,158,19
33,159,7
33,162,17
33,163,14
33,164,4
33,165,3
33,166,9
33,167,18
33,169,2
33,170,18
33,172,4
33,173,4
33,174,13
33,175,19
33,176,11
33,178,10
33,179,12
34,37,17
34,38,15
34,39,4
34,41,15
34,42,10
34,44,3
34,45,19
34,46,4
34,47,8
34,48,15
34,49,12
34,50,9
34,51,17
34,53,2
34,56,4
34,57,11
34,58,20
34,59,10
34,60,13
34,61,4
34,62,17
34,66,1
34,67,19
34,68,20
34,69,14
34,72,16
34,74,12
34,75,14
34,77,14
34,78,1
34,79,10
34,81,6
34,83,10
34,84,3
34,85,3
34,86,16
34,87,17
34,88,14
34,89,10
34,91,1
34,92,4
34,93,9
34,94,11
34,95,10
34,96,19
34,97,5
34,98,6
34,100,4
34,101,12
34,102,19
34,103,11
34,104,16
34,105,5
34,106,17
34,109,4
34,110,2
34,112,20
34,113,19
34,114,11
34,115,18
34,116,15
34,117,8
34,118,7
34,119,18
34,120,18
34,121,6
34,122,3
34,123,12
34,124,18
34,125,2
34,126,4
34,128,19
34,129,12
34,130,20
34,131,5
34,132,11
34,133,11
34,134,13
34,136,10
34,137,5
34,138,18
34,139,3
34,140,16
34,141,18
34,142,4
34,143,2
34,144,18
34,145,4
34,146,10
34,147,6
34,150,7
34,151,20
34,152,1
34,153,2
34,154,11
34,155,11
34,157,14
34,158,10
34,160,8
34,161,1
34,162,13
34,164,3
34,165,14
34,166,19
34,167,1
34,168,9
34,170,5
34,171,20
34,172,6
34,173,1
34,174,2
34,175,19
34,176,10
34,177,12
34,178,17
34,179,18
35,36,16
35,37,14
35,38,19
35,39,4
35,40,20
35,41,7
35,42,8
35,43,10
35,44,13
35,45,18
35,46,9
35,47,16
35,49,19
35,50,10
35,51,20
35,52,17
35,55,17
35,56,11
35,57,5
35,58,2
35,59,5
35,60,19
35,61,2
35,63,20
35,64,13
35,65,9
35,67,20
35,68,7
35,72,16
35,73,18
35,75,18
35,76,1
35,77,1
35,80,20
35,81,14
35,82,5
35,83,19
35,84,6
35,85,9
35,87,10
35,88,10
35,89,4
35,90,11
35,91,6
35,92,20
35,93,4
35,94,11
35,95,12
35,96,10
35,97,18
35,98,18
35,99,16
35,100,9
35,101,3
35,102,7
35,103,18
35,104,20
35,105,18
35,106,19
35,107,1
35,108,18
35,109,15
35,110,8
35,111,3
35,112,8
35,113,16
35,114,5
35,115,8
35,116,3
35,117,6
35,118,5
35,121,10
35,122,15
35,123,20
35,126,13
35,128,15
35,130,20
35,131,19
35,132,8
35,133,8
35,134,17
35,135,12
35,136,13
35,137,11
35,139,16
35,140,1
35,141,1
35,142,14
35,143,18
35,145,16
35,146,12
35,147,18
35,148,13
35,149,6
35,151,13
35,152,8
35,153,17
35,155,18
35,156,3
35,157,12
35,159,10
35,160,6
35,161,3
35,162,10
35,163,2
35,165,19
35,167,18
35,169,3
35,170,17
35,171,17
35,173,13
35,174,6
35,175,15
35,176,11
35,177,5
35,178,13
35,179,6
36,37,7
36,39,3
36,40,9
36,41,12
36,43,11
36,44,14
36,45,2
36,46,9
36,47,18
36,48,13
36,49,3
36,51,15
36,52,20
36,53,13
36,54,13
36,55,11
36,56,8
36,57,5
36,58,12
36,59,7
36,60,1
36,61,19
36,62,7
36,63,14
36,64,19
36,65,8
36,66,8
36,67,10
36,68,14
36,71,6
36,72,16
36,73,1
36,74,9
36,75,9
36,77,4
36,78,17
36,79,1
36,80,10
36,81,17
36,82,15
36,83,4
36,84,2
36,85,7
36,86,4
36,87,15
36,88,6
36,90,6
36,91,3
36,92,5
36,93,8
36,94,5
36,96,4
36,97,18
36,98,5
36,100,17
36,101,17
36,102,19
36,104,9
36,105,16
36,107,18
36,108,14
36,109,14
36,110,18
36,111,19
36,112,12
36,113,12
36,114,1
36,118,12
36,119,5
36,120,1
36,122,6
36,123,5
36,125,1
36,127,4
36,128,11
36,129,1
36,130,5
36,131,20
36,132,7
36,134,2
36,136,5
36,137,17
36,138,1
36,139,4
36,140,14
36,141,9
36,142,14
36,144,1
36,145,2
36,146,6
36,147,9
36,148,15
36,150,8
36,151,19
36,152,12
36,153,19
36,154,15
36,155,1
36,156,16
36,157,15
36,158,20
36,159,13
36,161,2
36,162,8
36,163,8
36,164,9
36,165,5
36,166,1
36,169,16
36,170,8
36,171,16
36,172,4
36,173,11
36,174,5
36,175,19
36,176,1
36,177,17
36,178,15
37,38,12
37,39,9
37,40,19
37,41,7
37,42,5
37,43,14
37,44,20
37,45,20
37,48,19
37,49,5
37,50,8
37,51,13
37,52,7
37,54,11
37,55,14
37,56,19
37,57,12
37,58,17
37,59,15
37,60,12
37,61,3
37,62,8
37,63,2
37,64,7
37,65,13
37,66,1
37,69,2
37,70,3
37,71,1
37,72,18
37,73,10
37,74,16
37,75,2
37,76,15
37,77,13
37,78,8
37,80,17
37,83,6
37,84,8
37,85,9
37,86,20
37,88,15
37,89,12
37,90,12
37,91,1
37,93,2
37,94,9
37,95,10
37,96,9
37,97,3
37,98,2
37,99,18
37,100,10
37,101,1
37,102,10
37,103,6
37,104,13
37,106,6
37,107,11
37,108,11
37,110,1
37,111,9
37,112,4
37,113,2
37,115,16
37,116,18
37,117,9
37,118,4
37,120,20
37,121,7
37,122,14
37,123,15
37,124,8
37,125,4
37,126,17
37,127,1
37,128,13
37,129,7
37,130,6
37,131,20
37,132,8
37,133,17
37,134,18
37,135,17
37,137,11
37,138,18
37,140,8
37,141,18
37,142,17
37,143,9
37,144,19
37,145,4
37,147,4
37,148,13
37,149,14
37,150,11
37,152,20
37,153,18
37,155,4
37,156,12
37,157,9
37,158,1
37,159,4
37,160,2
37,161,18
37,162,3
37,163,4
37,164,5
37,165,8
37,167,15
37,168,4
37,169,6
37,170,19
37,172,11
37,173,11
37,174,20
37,177,19
37,179,12
38,40,10
38,41,19
38,44,15
38,45,14
38,46,3
38,47,11
38,48,6
38,49,20
38,50,4
38,51,18
38,52,17
38,53,15
38,54,19
38,56,18
38,57,5
38,59,15
38,60,2
38,61,11
38,62,10
38,63,4
38,64,8
38,66,11
38,68,12
38,69,4
38,71,5
38,72,20
38,73,1
38,74,15
38,75,16
38,79,6
38,80,16
38,82,4
38,84,20
38,87,2
38,88,9
38,90,8
38,91,6
38,92,18
38,94,2
38,95,12
38,96,1
38,97,1
38,98,12
38,100,2
38,101,4
38,102,18
38,103,15
38,104,2
38,105,5
38,107,9
38,109,6
38,110,1
38,111,5
38,113,10
38,114,11
38,115,10
38,116,1
38,117,19
38,118,16
38,120,12
38,121,11
38,122,2
38,123,6
38,125,11
38,126,10
38,127,9
38,128,6
38,129,6
38,130,18
38,131,2
38,133,14
38,134,10
38,135,19
38,136,7
38,137,13
38,138,14
38,140,2
38,142,3
38,143,2
38,144,20
38,146,1
38,148,5
38,149,18
38,150,1
38,151,14
38,152,4
38,153,20
38,154,5
38,155,14
38,157,16
38,160,4
38,161,15
38,162,5
38,163,12
38,164,6
38,165,20
38,166,17
38,167,10
38,168,5
38,169,8
38,170,16
38,171,17
38,172,20
38,173,17
38,174,5
38,175,13
38,176,12
38,177,13
38,178,16
38,179,18
39,40,11
39,41,13
39,42,16
39,43,19
39,44,20
39,45,11
39,46,8
39,47,10
39,48,10
39,49,11
39,50,1
39,51,11
39,52,7
39,54,19
39,55,18
39,56,11
39,58,7
39,59,9
39,60,9
39,61,17
39,62,19
39,64,18
39,65,18
39,66,14
39,67,11
39,68,4
39,69,5
39,70,16
39,71,8
39,72,14
39,73,13
39,74,18
39,77,13
39,78,16
39,79,19
39,81,2
39,82,17
39,84,19
39,86,20
39,87,17
39,88,20
39,89,4
39,90,10
39,91,5
39,92,10
39,93,17
39,95,8
39,97,5
39,98,12
39,99,18
39,100,13
39,102,14
39,103,8
39,104,12
39,105,15
39,106,4
39,107,20
39,108,9
39,109,19
39,112,18
39,114,2
39,115,17
39,116,2
39,117,13
39,118,9
39,119,15
39,122,16
39,123,9
39,124,15
39,125,11
39,127,20
39,129,15
39,130,9
39,131,4
39,132,3
39,134,20
39,135,19
39,138,4
39,140,18
39,141,14
39,142,11
39,143,20
39,144,7
39,145,15
39,146,18
39,147,9
39,149,18
39,153,12
39,154,15
39,155,17
39,156,19
39,157,17
39,158,10
39,160,13
39,161,5
39,162,11
39,163,1
39,164,11
39,165,19
39,166,18
39,167,4
39,169,13
39,170,3
39,171,13
39,172,5
39,174,18
39,176,6
39,177,12
39,178,12
40,41,16
40,42,9
40,44,9
40,45,18
40,46,7
40,47,20
40,49,12
40,50,5
40,51,16
40,52,15
40,53,6
40,54,2
40,55,16
40,56,1
40,57,4
40,58,15
40,59,4
40,60,15
40,61,19
40,62,15
40,63,17
40,64,20
40,68,2
40,69,18
40,70,12
40,71,17
40,72,14
40,73,12
40,74,14
40,76,1
40,79,11
40,80,13
40,81,9
40,82,16
40,83,8
40,84,20
40,85,1
40,86,7
40,87,6
40,88,17
40,89,12
40,90,20
40,91,10
40,94,2
40,96,14
40,97,3
40,99,8
40,100,5
40,101,13
40,103,17
40,105,20
40,106,13
40,107,18
40,111,10
40,114,19
40,115,6
40,116,11
40,117,14
40,118,15
40,119,18
40,121,6
40,122,8
40,123,18
40,124,13
40,126,6
40,128,17
40,129,15
40,130,19
40,131,6
40,132,18
40,134,14
40,136,12
40,137,12
40,140,5
40,141,12
40,142,14
40,143,4
40,147,2
40,148,16
40,149,7
40,150,14
40,151,10
40,152,14
40,153,2
40,154,2
40,156,4
40,157,15
40,159,6
40,160,2
40,162,8
40,163,5
40,164,7
40,165,18
40,166,16
40,167,7
40,168,7
40,171,3
40,172,6
40,173,8
40,174,14
40,175,9
40,176,14
40,177,2
40,178,13
40,179,9
41,42,1
41,43,20
41,44,11
41,45,5
41,46,17
41,47,11
41,48,18
41,49,13
41,50,20
41,51,17
41,52,5
41,53,4
41,54,15
41,56,13
41,58,7
41,59,1
41,60,4
41,63,6
41,65,19
41,66,20
41,67,13
41,68,15
41,71,12
41,73,1
41,74,16
41,75,3
41,76,1
41,77,18
41,78,15
41,79,4
41,80,2
41,81,17
41,82,11
41,83,9
41,84,6
41,85,11
41,86,1
41,87,16
41,88,13
41,89,8
41,90,7
41,91,1
41,92,2
41,93,15
41,94,16
41,95,1
41,96,14
41,97,6
41,98,19
41,99,11
41,100,12
41,101,13
41,102,20
41,103,1
41,104,14
41,105,3
41,106,18
41,107,1
41,108,9
41,109,12
41,110,9
41,111,13
41,112,2
41,113,14
41,114,7
41,115,4
41,116,4
41,117,11
41,118,1
41,119,3
41,121,6
41,122,9
41,123,16
41,124,10
41,125,7
41,126,17
41,127,5
41,128,18
41,130,16
41,131,18
41,132,16
41,134,13
41,135,16
41,137,9
41,138,6
41,139,3
41,140,17
41,141,12
41,142,5
41,146,16
41,147,4
41,149,15
41,150,11
41,151,17
41,152,11
41,153,5
41,154,11
41,155,13
41,157,4
41,159,1
41,160,17
41,161,7
41,164,14
41,165,1
41,166,2
41,167,11
41,168,16
41,169,12
41,170,15
41,173,12
41,174,17
41,175,15
41,176,19
41,178,15
42,43,12
42,45,9
42,47,3
42,49,1
42,50,3
42,51,2
42,52,12
42,53,5
42,55,13
42,56,7
42,57,6
42,58,4
42,59,13
42,60,16
42,61,13
42,62,19
42,63,1
42,64,1
42,65,5
42,66,10
42,67,14
42,68,18
42,69,3
42,70,13
42,73,20
42,74,5
42,75,16
42,76,5
42,77,16
42,78,6
42,79,8
42,80,2
42,81,15
42,82,15
42,83,13
42,84,12
42,85,14
42,86,5
42,87,9
42,88,2
42,89,11
42,91,20
42,93,13
42,94,5
42,95,14
42,97,15
42,98,2
42,99,7
42,100,8
42,101,2
42,102,12
42,103,14
42,104,11
42,105,12
42,106,19
42,107,5
42,108,16
42,109,15
42,111,17
42,112,18
42,113,15
42,114,1
42,115,11
42,117,4
42,119,13
42,120,2
42,122,18
42,123,18
42,124,17
42,125,4
42,126,6
42,128,18
42,129,15
42,131,15
42,133,8
42,134,17
42,135,2
42,136,8
42,137,9
42,138,10
42,139,7
42,140,9
42,141,17
42,142,14
42,143,12
42,144,16
42,145,13
42,146,4
42,147,2
42,148,7
42,149,9
42,150,6
42,151,6
42,152,9
42,153,9
42,154,16
42,156,13
42,157,9
42,158,19
42,159,1
42,160,20
42,162,2
42,163,8
42,164,1
42,165,7
42,167,19
42,168,13
42,169,4
42,170,16
42,171,10
42,172,20
42,173,14
42,175,9
42,176,7
42,177,4
42,178,1
42,179,9
43,44,9
43,45,20
43,46,3
43,48,18
43,50,3
43,51,8
43,52,10
43,55,10
43,56,10
43,57,5
43,58,6
43,59,15
43,60,16
43,61,4
43,62,12
43,63,2
43,64,3
43,65,11
43,66,7
43,67,4
43,68,2
43,69,4
43,70,15
43,71,14
43,72,13
43,73,19
43,74,6
43,76,17
43,78,7
43,79,11
43,80,3
43,81,1
43,82,7
43,83,1
43,84,14
43,87,4
43,88,20
43,89,2
43,90,4
43,92,11
43,93,16
43,94,17
43,95,12
43,96,11
43,97,7
43,99,14
43,100,19
43,101,18
43,102,12
43,103,16
43,104,13
43,105,6
43,106,2
43,108,5
43,111,13
43,112,17
43,114,18
43,115,11
43,116,10
43,117,14
43,118,11
43,120,2
43,122,17
43,124,12
43,125,10
43,126,13
43,127,17
43,128,8
43,129,11
43,130,2
43,132,1
43,133,12
43,136,4
43,137,11
43,139,16
43,141,4
43,142,3
43,143,15
43,144,8
43,145,19
43,147,4
43,148,10
43,149,8
43,150,6
43,151,9
43,152,14
43,154,5
43,155,17
43,156,12
43,157,17
43,158,14
43,159,19
43,162,10
43,163,10
43,164,17
43,165,3
43,166,15
43,167,16
43,168,17
43,169,11
43,170,15
43,172,9
43,173,16
43,174,8
43,175,18
43,176,5
43,177,7
43,178,16
43,179,14
44,45,10
44,46,4
44,48,11
44,49,17
44,50,5
44,51,11
44,52,16
44,53,17
44,54,8
44,55,7
44,58,13
44,59,1
44,60,3
44,61,17
44,62,13
44,63,10
44,64,3
44,65,16
44,66,11
44,68,1
44,70,4
44,71,16
44,73,20
44,74,19
44,76,10
44,78,10
44,79,9
44,80,3
44,81,4
44,84,4
44,86,4
44,87,1
44,90,19
44,91,1
44,92,16
44,93,19
44,94,18
44,95,16
44,96,13
44,97,1
44,98,1
44,99,4
44,100,4
44,101,13
44,102,13
44,103,14
44,104,4
44,107,19
44,108,2
44,109,13
44,110,16
44,111,19
44,112,18
44,113,14
44,114,1
44,115,1
44,116,3
44,117,19
44,118,1
44,119,6
44,120,20
44,121,1
44,123,2
44,124,10
44,126,6
44,127,6
44,128,14
44,129,15
44,131,17
44,133,9
44,134,13
44,135,7
44,136,12
44,137,16
44,138,17
44,139,9
44,141,15
44,142,3
44,143,20
44,144,20
44,145,20
44,147,1
44,150,12
44,151,1
44,152,15
44,153,15
44,155,6
44,157,20
44,158,9
44,159,16
44,161,2
44,162,9
44,164,5
44,165,2
44,167,11
44,168,19
44,169,7
44,170,6
44,171,19
44,172,18
44,174,5
44,175,20
44,176,11
44,177,18
44,178,18
44,179,7
45,46,5
45,47,8
45,48,20
45,49,6
45,51,18
45,52,18
45,53,9
45,55,2
45,56,7
45,57,3
45,58,20
45,59,11
45,60,15
45,61,10
45,63,20
45,64,13
45,65,1
45,66,1
45,68,19
45,69,12
45,70,10
45,73,16
45,74,2
45,75,13
45,77,18
45,78,4
45,79,10
45,80,6
45,81,19
45,82,5
45,84,6
45,85,14
45,86,8
45,88,13
45,89,7
45,90,19
45,91,14
45,92,8
45,93,12
45,94,1
45,95,4
45,96,15
45,97,8
45,98,15
45,100,6
45,102,11
45,103,11
45,104,2
45,105,9
45,106,20
45,108,14
45,109,8
45,112,12
45,113,10
45,114,13
45,116,18
45,117,13
45,118,13
45,119,8
45,121,8
45,122,12
45,124,10
45,125,18
45,126,20
45,129,17
45,130,13
45,131,2
45,132,15
45,133,19
45,134,2
45,135,1
45,136,6
45,137,12
45,138,17
45,139,9
45,140,6
45,141,11
45,143,5
45,144,4
45,145,12
45,147,11
45,148,8
45,149,4
45,150,8
45,151,3
45,152,17
45,153,2
45,158,1
45,159,20
45,160,19
45,161,3
45,162,9
45,163,13
45,164,4
45,165,14
45,166,5
45,167,12
45,168,16
45,170,16
45,172,10
45,174,4
45,175,9
45,176,10
45,177,9
45,178,19
45,179,2
46,47,19
46,48,18
46,49,13
46,50,7
46,51,18
46,52,12
46,53,5
46,54,19
46,55,10
46,56,5
46,57,19
46,59,5
46,60,9
46,61,20
46,62,5
46,65,2
46,66,2
46,67,13
46,68,20
46,70,13
46,71,16
46,73,10
46,74,19
46,75,16
46,76,7
46,77,20
46,78,16
46,79,5
46,81,19
46,82,4
46,83,5
46,85,18
46,86,19
46,88,13
46,90,18
46,91,17
46,92,18
46,93,5
46,94,3
46,95,6
46,96,20
46,97,4
46,99,10
46,100,4
46,101,6
46,102,5
46,104,12
46,105,7
46,106,5
46,107,2
46,108,3
46,110,6
46,111,20
46,112,5
46,113,18
46,114,2
46,117,17
46,118,6
46,119,1
46,120,16
46,121,10
46,122,14
46,124,9
46,125,8
46,126,12
46,127,11
46,130,8
46,131,6
46,132,4
46,133,6
46,134,16
46,135,16
46,136,16
46,137,6
46,138,5
46,139,14
46,140,16
46,141,5
46,142,6
46,143,3
46,144,17
46,145,10
46,146,19
46,147,16
46,148,20
46,149,5
46,150,13
46,151,16
46,152,1
46,153,1
46,154,15
46,155,6
46,156,1
46,157,13
46,158,2
46,160,11
46,161,3
46,162,7
46,164,5
46,165,10
46,167,18
46,168,4
46,172,11
46,173,2
46,175,11
46,176,10
46,177,16
46,178,7
46,179,15
47,48,13
47,49,18
47,50,15
47,51,7
47,52,2
47,54,18
47,55,11
47,56,3
47,57,7
47,58,3
47,59,20
47,60,5
47,61,5
47,62,14
47,63,11
47,65,9
47,66,9
47,67,8
47,68,1
47,70,17
47,71,18
47,72,16
47,74,18
47,75,10
47,76,17
47,78,5
47,81,14
47,82,6
47,83,12
47,84,5
47,85,1
47,86,7
47,87,17
47,89,13
47,90,12
47,91,14
47,93,14
47,94,18
47,95,20
47,97,10
47,98,3
47,100,3
47,101,3
47,102,9
47,103,16
47,104,10
47,106,9
47,107,13
47,110,7
47,112,14
47,113,15
47,114,20
47,116,2
47,117,1
47,118,18
47,120,20
47,122,16
47,123,5
47,124,17
47,125,15
47,126,16
47,127,11
47,128,6
47,129,9
47,131,5
47,133,13
47,134,20
47,135,19
47,136,18
47,138,12
47,139,11
47,141,4
47,142,20
47,143,14
47,144,14
47,145,6
47,146,11
47,147,12
47,148,17
47,149,6
47,150,11
47,151,4
47,153,18
47,155,4
47,156,19
47,157,13
47,158,2
47,159,8
47,160,14
47,161,4
47,162,2
47,163,8
47,165,8
47,167,4
47,169,18
47,172,12
47,173,1
47,175,20
47,177,4
47,178,4
47,179,12
48,49,11
48,50,13
48,51,3
48,52,12
48,53,16
48,55,5
48,57,13
48,58,20
48,59,16
48,61,11
48,62,2
48,63,18
48,64,16
48,65,11
48,66,17
48,67,6
48,68,1
48,69,14
48,70,16
48,71,5
48,72,7
48,73,16
48,74,19
48,75,14
48,76,9
48,78,7
48,79,6
48,80,16
48,81,15
48,82,7
48,84,2
48,85,11
48,86,14
48,87,11
48,88,20
48,90,7
48,91,17
48,92,12
48,93,9
48,95,15
48,97,12
48,98,6
48,99,16
48,100,9
48,102,8
48,103,2
48,104,3
48,106,10
48,107,6
48,108,8
48,109,6
48,110,20
48,111,8
48,112,5
48,113,14
48,114,5
48,115,8
48,116,5
48,117,19
48,119,12
48,120,3
48,121,4
48,123,7
48,124,10
48,125,15
48,126,2
48,127,7
48,128,6
48,129,12
48,130,9
48,131,19
48,132,15
48,133,14
48,135,5
48,137,12
48,138,12
48,139,19
48,140,6
48,141,6
48,142,13
48,143,12
48,144,20
48,145,13
48,146,13
48,147,16
48,148,14
48,149,18
48,150,11
48,151,12
48,152,7
48,153,15
48,154,19
48,155,7
48,156,16
48,157,14
48,158,17
48,159,18
48,160,2
48,161,13
48,162,14
48,163,16
48,164,5
48,165,10
48,166,11
48,167,10
48,168,16
48,169,5
48,170,12
48,171,7
48,172,14
48,173,5
48,174,10
48,175,17
48,176,12
48,177,8
49,51,19
49,53,11
49,54,1
49,55,1
49,56,13
49,59,5
49,60,18
49,61,5
49,63,3
49,64,17
49,65,20
49,66,2
49,67,2
49,68,19
49,69,4
49,70,7
49,71,19
49,73,16
49,74,2
49,77,3
49,78,12
49,79,6
49,80,20
49,81,4
49,82,10
49,83,14
49,84,1
49,85,12
49,86,8
49,87,10
49,88,15
49,89,20
49,90,5
49,92,12
49,93,4
49,94,2
49,95,18
49,96,11
49,97,20
49,98,20
49,99,16
49,100,12
49,101,18
49,103,7
49,104,19
49,105,17
49,107,11
49,109,13
49,110,15
49,112,13
49,113,18
49,114,7
49,115,4
49,116,10
49,118,2
49,120,1
49,121,14
49,122,12
49,123,3
49,124,2
49,126,5
49,127,10
49,128,9
49,129,8
49,131,20
49,132,18
49,133,3
49,134,2
49,135,15
49,137,9
49,139,20
49,140,10
49,143,19
49,145,11
49,146,17
49,147,15
49,148,4
49,149,18
49,150,14
49,152,18
49,153,1
49,156,19
49,157,8
49,158,2
49,160,6
49,161,19
49,163,9
49,164,7
49,165,4
49,166,9
49,167,13
49,168,15
49,170,13
49,171,14
49,173,3
49,174,3
49,175,15
49,176,5
49,177,3
49,178,19
49,179,11
50,51,2
50,52,4
50,54,18
50,55,13
50,57,13
50,58,3
50,59,15
50,60,1
50,62,9
50,63,6
50,65,12
50,66,4
50,67,1
50,68,7
50,69,3
50,70,14
50,71,18
50,72,6
50,73,16
50,74,20
50,75,6
50,78,2
50,79,20
50,80,13
50,82,19
50,83,9
50,84,13
50,85,3
50,86,20
50,87,11
50,88,1
50,89,16
50,90,14
50,92,18
50,93,1
50,94,15
50,95,1
50,96,8
50,98,10
50,99,8
50,100,11
50,101,3
50,102,8
50,103,5
50,104,18
50,105,19
50,106,19
50,108,3
50,113,14
50,114,18
50,116,13
50,117,3
50,118,1
50,119,2
50,120,4
50,121,20
50,122,9
50,123,5
50,124,14
50,125,7
50,127,1
50,128,1
50,129,18
50,130,17
50,132,19
50,133,2
50,136,17
50,137,2
50,138,17
50,140,4
50,141,5
50,143,4
50,144,8
50,145,17
50,146,5
50,147,18
50,148,12
50,149,16
50,150,19
50,151,8
50,152,13
50,153,18
50,154,10
50,156,15
50,158,8
50,160,5
50,161,17
50,162,18
50,163,15
50,164,2
50,165,20
50,166,9
50,167,12
50,168,15
50,169,8
50,170,9
50,171,11
50,173,7
50,175,18
50,176,12
50,177,5
50,179,11
51,52,1
51,53,9
51,54,18
51,56,5
51,57,12
51,58,1
51,60,3
51,61,4
51,62,3
51,64,7
51,65,13
51,67,3
51,68,13
51,69,2
51,70,13
51,72,8
51,73,11
51,74,1
51,75,12
51,76,20
51,77,15
51,79,2
51,81,2
51,82,3
51,83,7
51,86,20
51,87,17
51,89,1
51,90,6
51,92,20
51,93,17
51,94,12
51,95,11
51,96,15
51,98,8
51,99,10
51,100,13
51,103,17
51,104,20
51,105,4
51,106,12
51,107,13
51,108,12
51,110,6
51,111,3
51,112,13
51,113,5
51,114,19
51,115,6
51,116,8
51,117,15
51,118,1
51,119,6
51,120,8
51,121,15
51,122,5
51,123,7
51,124,1
51,125,7
51,126,17
51,127,12
51,128,6
51,129,10
51,131,9
51,133,10
51,134,20
51,135,3
51,136,5
51,139,6
51,140,13
51,141,18
51,142,12
51,143,12
51,145,19
51,146,16
51,147,16
51,148,12
51,149,7
51,150,11
51,152,10
51,153,10
51,154,17
51,155,6
51,156,6
51,157,8
51,158,18
51,159,14
51,160,5
51,161,20
51,162,8
51,163,7
51,164,6
51,165,10
51,166,1
51,167,10
51,168,10
51,169,3
51,170,18
51,171,6
51,172,6
51,173,3
51,175,10
51,176,6
51,177,16
51,178,14
51,179,11
52,54,7
52,56,6
52,57,9
52,58,8
52,59,3
52,61,12
52,63,18
52,65,12
52,66,4
52,67,7
52,68,13
52,70,17
52,71,12
52,72,17
52,73,4
52,74,1
52,76,6
52,77,8
52,78,15
52,79,9
52,80,8
52,81,8
52,83,17
52,84,7
52,85,1
52,86,14
52,87,20
52,88,1
52,89,7
52,90,8
52,91,2
52,92,1
52,93,19
52,94,9
52,95,19
52,97,18
52,98,9
52,99,2
52,101,13
52,102,13
52,103,2
52,104,16
52,105,8
52,108,6
52,109,14
52,111,14
52,112,12
52,113,10
52,114,17
52,116,14
52,117,10
52,118,15
52,119,15
52,120,9
52,123,8
52,124,18
52,125,12
52,126,13
52,128,8
52,130,8
52,131,2
52,132,1
52,133,18
52,134,7
52,135,9
52,136,15
52,138,14
52,139,5
52,141,10
52,142,12
52,143,6
52,145,2
52,146,16
52,147,2
52,148,5
52,150,12
52,151,4
52,153,19
52,154,1
52,155,16
52,156,16
52,158,10
52,159,11
52,160,8
52,161,6
52,162,11
52,163,20
52,164,5
52,165,4
52,166,11
52,167,20
52,168,1
52,169,11
52,170,9
52,171,12
52,172,12
52,173,14
52,175,2
52,176,12
52,177,11
52,178,16
52,179,11
53,56,18
53,57,8
53,58,15
53,59,12
53,61,2
53,62,4
53,64,18
53,66,15
53,67,14
53,68,20
53,70,7
53,71,13
53,72,13
53,73,17
53,74,17
53,75,8
53,77,20
53,79,3
53,80,18
53,81,7
53,82,10
53,83,14
53,84,10
53,85,3
53,86,16
53,87,2
53,88,14
53,90,19
53,91,1
53,92,12
53,93,16
53,94,1
53,95,1
53,97,16
53,98,18
53,99,13
53,100,3
53,101,2
53,102,6
53,103,18
53,105,20
53,106,9
53,107,16
53,108,6
53,109,17
53,110,9
53,111,8
53,112,5
53,114,6
53,115,2
53,116,13
53,118,3
53,119,9
53,120,8
53,122,10
53,123,14
53,124,13
53,125,16
53,126,8
53,127,6
53,128,18
53,130,1
53,131,7
53,132,6
53,133,4
53,134,10
53,135,6
53,137,12
53,138,4
53,139,5
53,141,6
53,142,10
53,143,1
53,145,19
53,146,3
53,147,17
53,148,3
53,149,9
53,150,16
53,151,13
53,152,8
53,153,14
53,154,12
53,155,12
53,158,6
53,160,8
53,161,14
53,164,20
53,165,5
53,166,3
53,167,1
53,169,20
53,171,6
53,173,3
53,174,2
53,176,1
53,177,5
53,179,3
54,55,8
54,57,20
54,58,9
54,59,2
54,60,10
54,61,10
54,62,17
54,63,16
54,64,10
54,66,7
54,67,8
54,68,2
54,71,12
54,72,11
54,74,8
54,75,8
54,76,15
54,77,6
54,78,5
54,79,10
54,81,10
54,82,2
54,85,14
54,86,18
54,87,11
54,88,14
54,89,16
54,90,7
54,91,15
54,92,16
54,93,10
54,94,19
54,95,4
54,96,6
54,97,12
54,99,18
54,100,20
54,101,15
54,102,20
54,103,10
54,104,14
54,105,17
54,106,8
54,107,3
54,108,19
54,109,1
54,110,7
54,111,12
54,112,8
54,113,16
54,114,16
54,115,1
54,116,16
54,117,19
54,118,4
54,120,14
54,121,15
54,123,5
54,125,8
54,126,3
54,127,5
54,128,5
54,129,16
54,130,16
54,131,15
54,134,10
54,135,20
54,136,4
54,137,18
54,138,12
54,139,14
54,140,8
54,142,3
54,143,12
54,145,16
54,149,8
54,150,19
54,151,12
54,152,18
54,153,16
54,154,1
54,155,8
54,156,14
54,157,13
54,159,6
54,160,20
54,161,7
54,163,5
54,164,7
54,165,3
54,166,7
54,167,16
54,168,14
54,169,14
54,170,9
54,171,7
54,172,13
54,174,7
54,176,8
54,177,19
54,178,8
55,56,12
55,57,13
55,60,17
55,61,8
55,63,12
55,64,6
55,65,9
55,66,6
55,67,3
55,69,1
55,70,13
55,71,5
55,72,6
55,74,4
55,75,13
55,76,12
55,77,13
55,78,8
55,79,7
55,80,1
55,81,7
55,82,9
55,83,13
55,84,2
55,85,9
55,86,11
55,87,11
55,88,13
55,89,16
55,90,13
55,91,20
55,92,5
55,93,2
55,95,13
55,96,12
55,97,18
55,98,9
55,100,5
55,101,2
55,102,14
55,104,16
55,105,11
55,106,10
55,107,7
55,108,12
55,109,15
55,110,6
55,111,19
55,112,17
55,113,16
55,114,1
55,115,11
55,116,6
55,117,9
55,119,4
55,120,12
55,121,5
55,124,13
55,125,12
55,126,15
55,127,19
55,128,17
55,129,13
55,130,8
55,131,18
55,133,9
55,134,1
55,135,13
55,137,14
55,138,13
55,139,20
55,140,2
55,142,6
55,144,17
55,145,7
55,146,1
55,147,2
55,148,9
55,149,4
55,152,1
55,153,7
55,155,5
55,157,2
55,159,18
55,161,9
55,162,4
55,164,18
55,165,11
55,166,6
55,167,20
55,168,12
55,169,3
55,170,5
55,171,5
55,172,11
55,173,12
55,174,11
55,178,9
55,179,4
56,58,8
56,59,3
56,60,4
56,61,7
56,62,6
56,64,3
56,65,16
56,67,20
56,68,4
56,69,20
56,70,15
56,71,12
56,72,8
56,73,12
56,74,15
56,75,15
56,76,1
56,77,3
56,79,10
56,81,2
56,83,12
56,84,17
56,85,15
56,86,2
56,87,18
56,88,7
56,89,3
56,90,8
56,91,9
56,92,16
56,93,20
56,94,2
56,97,6
56,98,11
56,99,13
56,100,1
56,101,15
56,102,17
56,103,15
56,104,10
56,106,10
56,107,2
56,108,8
56,109,20
56,110,20
56,111,6
56,113,2
56,114,9
56,116,16
56,117,11
56,118,19
56,119,3
56,121,15
56,123,3
56,124,4
56,125,9
56,126,11
56,127,11
56,128,1
56,129,15
56,130,9
56,131,2
56,132,13
56,133,17
56,134,13
56,135,13
56,136,16
56,137,11
56,138,1
56,140,11
56,141,15
56,142,10
56,143,1
56,144,19
56,145,19
56,146,14
56,147,14
56,148,16
56,149,16
56,150,14
56,151,3
56,152,11
56,154,12
56,155,4
56,157,14
56,158,11
56,160,13
56,161,19
56,162,3
56,163,15
56,164,8
56,165,19
56,166,1
56,167,13
56,168,11
56,169,10
56,170,8
56,171,6
56,172,13
56,173,2
56,174,3
56,175,17
56,177,2
56,178,4
57,58,16
57,60,15
57,63,20
57,65,20
57,66,9
57,67,4
57,68,13
57,69,5
57,70,8
57,71,5
57,72,2
57,73,15
57,75,8
57,76,2
57,77,15
57,78,12
57,79,1
57,80,11
57,84,13
57,85,12
57,86,4
57,87,15
57,88,5
57,89,1
57,91,10
57,92,18
57,93,13
57,95,13
57,96,10
57,97,11
57,98,18
57,99,19
57,100,4
57,101,3
57,102,14
57,104,9
57,106,10
57,109,10
57,110,6
57,111,1
57,112,19
57,113,6
57,114,8
57,116,18
57,118,2
57,119,12
57,120,9
57,121,14
57,122,11
57,123,5
57,124,11
57,125,6
57,126,3
57,127,1
57,128,9
57,129,2
57,131,1
57,133,4
57,134,8
57,136,11
57,137,12
57,139,15
57,140,9
57,143,19
57,144,11
57,146,14
57,147,15
57,148,15
57,149,12
57,150,8
57,151,20
57,153,13
57,155,4
57,157,4
57,158,14
57,159,19
57,160,16
57,161,17
57,165,11
57,166,10
57,168,12
57,170,1
57,171,14
57,172,6
57,173,8
57,174,16
57,176,12
57,177,3
57,179,20
58,59,19
58,61,6
58,63,5
58,64,9
58,66,5
58,67,4
58,68,4
58,69,5
58,70,12
58,71,14
58,73,19
58,74,3
58,75,8
58,76,5
58,77,20
58,78,17
58,79,18
58,80,14
58,81,1
58,82,20
58,83,9
58,84,19
58,85,16
58,86,10
58,87,1
58,88,18
58,89,10
58,90,12
58,93,4
58,94,4
58,95,3
58,96,19
58,97,15
58,98,10
58,99,5
58,100,13
58,101,19
58,103,18
58,104,11
58,105,17
58,106,11
58,107,3
58,109,18
58,110,15
58,111,5
58,112,16
58,113,17
58,114,5
58,116,4
58,117,17
58,119,3
58,122,6
58,124,18
58,125,13
58,126,15
58,127,18
58,128,15
58,131,8
58,132,19
58,133,4
58,135,18
58,137,7
58,139,14
58,140,1
58,141,14
58,142,19
58,143,17
58,144,2
58,145,2
58,146,18
58,147,6
58,148,9
58,149,3
58,150,7
58,151,6
58,152,20
58,153,5
58,154,11
58,155,17
58,156,19
58,157,6
58,159,5
58,160,7
58,162,6
58,163,16
58,164,9
58,165,13
58,166,1
58,167,5
58,168,9
58,169,11
58,170,2
58,171,20
58,173,12
58,174,18
58,175,10
58,176,9
58,177,12
58,179,17
59,60,4
59,61,2
59,62,17
59,63,5
59,64,12
59,65,3
59,66,5
59,67,18
59,68,18
59,70,1
59,72,16
59,73,3
59,75,7
59,76,6
59,77,3
59,79,10
59,82,9
59,83,5
59,84,13
59,85,15
59,86,14
59,87,17
59,88,17
59,89,3
59,91,13
59,92,4
59,93,9
59,94,1
59,95,6
59,96,18
59,97,1
59,99,18
59,100,10
59,101,8
59,102,9
59,103,9
59,105,18
59,106,19
59,107,10
59,109,11
59,110,2
59,111,20
59,112,16
59,113,7
59,114,6
59,115,5
59,116,12
59,117,10
59,118,7
59,120,5
59,121,13
59,122,4
59,123,12
59,125,8
59,126,4
59,127,16
59,128,5
59,129,16
59,130,20
59,132,6
59,133,16
59,134,16
59,135,10
59,137,6
59,138,19
59,139,16
59,140,3
59,141,12
59,142,10
59,144,7
59,145,2
59,148,2
59,149,17
59,150,5
59,152,19
59,153,2
59,154,16
59,155,2
59,156,13
59,157,19
59,158,15
59,159,12
59,161,20
59,162,10
59,163,5
59,164,17
59,165,3
59,169,17
59,170,16
59,171,13
59,172,14
59,173,14
59,174,13
59,176,11
59,177,15
59,178,19
60,61,6
60,62,17
60,63,4
60,64,9
60,65,19
60,68,15
60,69,12
60,71,13
60,72,17
60,73,3
60,74,17
60,75,16
60,76,6
60,77,5
60,78,6
60,79,7
60,82,7
60,83,5
60,84,16
60,85,13
60,86,10
60,87,14
60,88,18
60,89,9
60,90,9
60,91,19
60,92,11
60,93,11
60,94,16
60,95,11
60,97,9
60,98,18
60,99,19
60,100,12
60,101,11
60,102,14
60,103,14
60,104,16
60,105,15
60,106,18
60,107,11
60,108,10
60,109,1
60,112,15
60,113,1
60,114,14
60,115,3
60,116,18
60,118,12
60,119,19
60,120,3
60,121,16
60,122,1
60,123,12
60,124,20
60,125,8
60,126,5
60,127,9
60,129,14
60,133,10
60,134,13
60,135,12
60,136,1
60,137,13
60,138,9
60,139,5
60,142,6
60,144,17
60,145,2
60,146,11
60,147,17
60,148,17
60,149,12
60,151,1
60,152,10
60,154,13
60,155,20
60,156,9
60,157,19
60,158,4
60,159,4
60,160,16
60,161,17
60,162,7
60,163,10
60,164,3
60,165,8
60,166,8
60,167,20
60,168,10
60,169,18
60,170,10
60,171,12
60,172,12
60,174,13
60,176,4
60,177,7
60,178,18
61,62,16
61,63,5
61,64,10
61,66,7
61,67,16
61,68,2
61,70,12
61,71,11
61,72,12
61,73,5
61,74,19
61,75,17
61,77,6
61,78,9
61,79,14
61,80,9
61,81,15
61,82,14
61,83,11
61,84,4
61,85,14
61,86,16
61,87,10
61,88,13
61,91,8
61,92,4
61,95,19
61,96,12
61,97,1
61,98,11
61,99,16
61,100,7
61,102,19
61,104,15
61,105,12
61,106,11
61,107,4
61,109,1
61,110,4
61,111,7
61,112,11
61,113,7
61,114,12
61,115,19
61,116,7
61,117,15
61,118,18
61,119,4
61,120,11
61,121,9
61,122,13
61,123,7
61,125,3
61,126,16
61,129,6
61,130,18
61,131,8
61,135,13
61,136,3
61,137,13
61,138,9
61,139,8
61,140,11
61,141,16
61,142,17
61,143,10
61,145,2
61,146,9
61,147,7
61,148,7
61,149,2
61,150,9
61,151,15
61,153,10
61,154,16
61,155,2
61,156,3
61,157,10
61,158,15
61,159,14
61,160,20
61,161,15
61,162,9
61,163,16
61,164,17
61,165,18
61,166,9
61,167,15
61,168,7
61,169,16
61,170,17
61,171,15
61,172,4
61,173,17
61,174,18
61,175,18
61,176,19
61,177,16
61,179,10
62,63,3
62,65,3
62,66,6
62,67,13
62,69,16
62,70,20
62,71,3
62,73,18
62,74,1
62,75,10
62,76,16
62,77,16
62,78,1
62,79,11
62,80,18
62,81,20
62,82,8
62,83,18
62,85,18
62,86,20
62,87,20
62,88,2
62,90,6
62,91,7
62,92,4
62,93,20
62,94,17
62,95,17
62,96,17
62,97,16
62,98,5
62,99,11
62,100,18
62,101,14
62,102,15
62,103,14
62,104,14
62,106,19
62,107,19
62,108,15
62,109,6
62,110,2
62,111,2
62,112,20
62,113,12
62,114,20
62,115,2
62,116,13
62,117,4
62,119,3
62,120,7
62,121,6
62,122,6
62,125,13
62,126,3
62,128,4
62,129,2
62,130,20
62,131,10
62,132,5
62,133,15
62,135,10
62,137,2
62,138,10
62,139,2
62,141,17
62,142,8
62,144,10
62,145,10
62,146,8
62,147,19
62,148,12
62,149,15
62,150,13
62,152,4
62,153,15
62,154,10
62,155,1
62,156,6
62,157,14
62,158,11
62,159,11
62,160,7
62,161,13
62,163,3
62,164,14
62,165,20
62,167,3
62,168,20
62,169,16
62,170,1
62,171,5
62,172,14
62,173,6
62,174,8
62,176,7
62,178,19
62,179,15
63,66,3
63,67,18
63,69,13
63,70,6
63,71,3
63,72,15
63,74,9
63,75,20
63,77,10
63,78,5
63,79,15
63,80,1
63,81,17
63,82,8
63,83,3
63,84,19
63,85,14
63,86,5
63,87,4
63,88,15
63,90,2
63,91,8
63,92,4
63,93,1
63,97,4
63,98,7
63,99,6
63,100,8
63,101,9
63,102,13
63,104,2
63,105,6
63,106,11
63,107,10
63,110,18
63,111,8
63,112,8
63,113,6
63,114,16
63,116,2
63,117,8
63,118,5
63,119,4
63,120,17
63,121,3
63,123,20
63,124,14
63,125,11
63,127,15
63,128,13
63,130,12
63,131,5
63,132,18
63,133,19
63,134,8
63,135,13
63,136,18
63,137,17
63,138,6
63,139,14
63,140,17
63,141,14
63,142,18
63,143,1
63,145,20
63,146,14
63,147,1
63,148,11
63,149,8
63,150,11
63,151,8
63,152,8
63,153,18
63,155,15
63,156,8
63,158,10
63,159,5
63,161,11
63,162,6
63,163,20
63,164,5
63,165,3
63,166,8
63,167,17
63,172,4
63,174,6
63,175,12
63,176,8
63,177,13
63,178,20
63,179,17
64,65,6
64,67,17
64,69,4
64,70,6
64,72,12
64,73,16
64,74,15
64,76,10
64,77,7
64,78,4
64,79,11
64,81,7
64,82,8
64,84,15
64,85,10
64,86,20
64,87,11
64,88,11
64,90,6
64,91,14
64,92,1
64,93,3
64,95,9
64,96,20
64,97,13
64,98,14
64,100,20
64,102,8
64,103,3
64,104,5
64,105,13
64,106,7
64,108,10
64,109,19
64,110,10
64,111,4
64,114,11
64,115,18
64,116,1
64,117,19
64,119,3
64,123,8
64,124,3
64,128,18
64,129,8
64,130,3
64,131,4
64,132,20
64,133,4
64,134,19
64,135,9
64,136,12
64,137,5
64,138,20
64,139,13
64,140,12
64,141,6
64,143,18
64,144,14
64,145,18
64,146,1
64,147,4
64,148,20
64,149,20
64,150,19
64,151,12
64,152,14
64,153,6
64,154,13
64,155,9
64,156,12
64,157,17
64,158,19
64,160,15
64,161,14
64,162,19
64,163,18
64,164,11
64,165,9
64,166,20
64,167,10
64,168,16
64,169,16
64,170,4
64,171,11
64,172,9
64,173,13
64,175,10
64,176,19
64,178,18
64,179,20
65,66,13
65,68,3
65,70,2
65,72,10
65,73,16
65,74,6
65,75,15
65,77,6
65,80,6
65,81,11
65,82,8
65,83,2
65,87,13
65,88,20
65,89,10
65,91,4
65,92,13
65,93,16
65,95,15
65,96,8
65,97,5
65,100,4
65,101,18
65,102,3
65,103,4
65,104,18
65,105,4
65,106,19
65,107,12
65,108,8
65,109,19
65,110,13
65,111,9
65,112,10
65,114,5
65,115,19
65,116,18
65,118,7
65,119,13
65,120,10
65,122,5
65,123,14
65,124,17
65,125,13
65,126,10
65,129,18
65,130,10
65,131,7
65,132,19
65,133,6
65,134,15
65,135,20
65,136,18
65,137,19
65,138,19
65,141,19
65,142,1
65,143,6
65,144,6
65,145,10
65,146,20
65,147,7
65,148,5
65,149,8
65,150,8
65,151,9
65,152,20
65,153,1
65,154,14
65,155,8
65,157,8
65,158,11
65,159,18
65,160,16
65,161,12
65,162,3
65,163,20
65,165,17
65,166,18
65,167,15
65,168,20
65,169,11
65,171,4
65,174,8
65,175,9
65,178,8
65,179,2
66,67,13
66,68,9
66,69,19
66,70,14
66,71,17
66,72,1
66,74,7
66,75,16
66,76,15
66,77,15
66,78,18
66,79,9
66,80,13
66,81,1
66,82,20
66,84,7
66,85,6
66,86,14
66,87,16
66,88,5
66,89,11
66,90,11
66,91,9
66,92,6
66,94,5
66,96,18
66,97,18
66,99,7
66,100,2
66,101,8
66,102,14
66,103,20
66,104,7
66,105,14
66,107,18
66,109,19
66,110,15
66,111,1
66,113,10
66,114,14
66,115,8
66,116,8
66,117,4
66,118,11
66,119,1
66,121,1
66,122,20
66,124,2
66,126,10
66,127,3
66,128,14
66,129,7
66,131,11
66,133,19
66,134,12
66,135,12
66,136,5
66,137,12
66,138,17
66,139,17
66,142,15
66,143,19
66,144,10
66,145,7
66,147,18
66,148,19
66,149,17
66,150,8
66,151,10
66,152,16
66,154,6
66,155,3
66,156,15
66,157,14
66,158,8
66,159,5
66,160,12
66,161,7
66,162,8
66,163,6
66,164,4
66,165,19
66,167,18
66,168,13
66,169,17
66,170,13
66,171,19
66,172,12
66,173,19
66,174,4
66,175,10
66,176,4
66,177,2
66,178,4
66,179,6
67,68,6
67,69,2
67,70,19
67,71,19
67,72,3
67,73,6
67,74,7
67,76,15
67,77,19
67,78,8
67,79,3
67,80,10
67,81,9
67,82,11
67,83,16
67,84,18
67,85,3
67,86,18
67,87,3
67,88,5
67,89,8
67,90,6
67,92,9
67,93,4
67,95,9
67,97,8
67,98,14
67,99,11
67,100,16
67,101,18
67,102,7
67,103,19
67,104,19
67,105,1
67,107,11
67,108,3
67,110,3
67,111,9
67,112,11
67,113,6
67,114,11
67,115,15
67,116,9
67,117,12
67,118,10
67,119,7
67,120,18
67,121,16
67,122,12
67,123,7
67,125,1
67,127,7
67,128,15
67,131,13
67,132,9
67,134,5
67,135,10
67,137,18
67,139,2
67,140,12
67,141,8
67,142,8
67,144,9
67,145,7
67,146,15
67,147,11
67,148,17
67,151,3
67,153,14
67,154,4
67,155,17
67,156,11
67,157,13
67,158,20
67,159,18
67,160,19
67,161,2
67,164,12
67,166,18
67,167,2
67,168,12
67,169,6
67,170,20
67,171,10
67,174,14
67,175,4
67,176,9
67,177,11
67,178,9
67,179,17
68,69,9
68,70,19
68,71,4
68,72,19
68,73,14
68,75,2
68,76,18
68,77,11
68,78,17
68,79,7
68,80,19
68,81,6
68,82,15
68,83,5
68,86,19
68,87,13
68,88,6
68,89,12
68,90,17
68,91,13
68,92,15
68,93,16
68,94,8
68,96,13
68,97,6
68,99,7
68,100,8
68,102,9
68,103,5
68,104,16
68,105,9
68,106,17
68,107,1
68,109,10
68,112,7
68,113,9
68,114,3
68,115,15
68,116,17
68,117,1
68,118,16
68,119,10
68,120,4
68,121,7
68,124,11
68,126,15
68,127,7
68,128,1
68,129,7
68,130,18
68,131,2
68,132,4
68,133,13
68,134,11
68,135,18
68,138,10
68,139,11
68,140,5
68,141,16
68,142,15
68,143,2
68,144,19
68,145,13
68,146,20
68,148,20
68,149,16
68,150,20
68,153,7
68,154,2
68,155,5
68,156,6
68,157,17
68,158,5
68,159,15
68,160,10
68,161,15
68,162,5
68,163,18
68,164,3
68,166,5
68,167,9
68,168,17
68,169,4
68,170,13
68,171,19
68,172,8
68,173,13
68,174,8
68,175,9
68,176,4
68,177,20
68,179,14
69,70,6
69,71,1
69,72,13
69,74,11
69,75,3
69,76,4
69,77,12
69,78,18
69,80,13
69,82,1
69,83,19
69,84,7
69,85,18
69,86,16
69,88,4
69,90,1
69,91,4
69,92,10
69,94,12
69,95,19
69,96,19
69,97,17
69,98,5
69,99,14
69,101,4
69,102,7
69,103,10
69,104,11
69,105,9
69,106,19
69,107,13
69,108,4
69,109,5
69,110,18
69,112,19
69,113,10
69,114,6
69,115,7
69,116,1
69,117,20
69,120,8
69,121,11
69,122,5
69,124,2
69,125,19
69,126,15
69,127,17
69,128,14
69,129,17
69,130,6
69,131,8
69,135,19
69,136,10
69,137,18
69,138,2
69,140,11
69,143,7
69,144,2
69,145,19
69,147,6
69,148,16
69,150,15
69,151,1
69,153,5
69,154,3
69,155,15
69,156,13
69,158,2
69,159,18
69,160,20
69,164,18
69,166,7
69,167,10
69,169,8
69,171,12
69,172,16
69,173,5
69,174,4
69,176,3
69,178,13
69,179,8
70,71,15
70,73,20
70,74,11
70,75,9
70,76,12
70,78,18
70,79,3
70,80,4
70,81,4
70,82,1
70,83,1
70,84,1
70,85,5
70,86,2
70,88,1
70,90,3
70,91,2
70,93,18
70,94,12
70,95,2
70,96,8
70,97,2
70,98,9
70,99,16
70,100,10
70,101,1
70,103,10
70,104,1
70,105,7
70,106,8
70,108,17
70,109,13
70,110,10
70,111,4
70,112,3
70,113,16
70,114,11
70,115,19
70,116,11
70,119,6
70,120,2
70,121,5
70,122,7
70,124,13
70,125,17
70,126,12
70,127,2
70,129,19
70,130,4
70,131,18
70,133,19
70,135,16
70,136,17
70,137,20
70,139,14
70,140,3
70,141,11
70,142,7
70,144,1
70,145,18
70,148,2
70,149,1
70,150,2
70,151,1
70,152,19
70,154,3
70,155,3
70,156,3
70,157,6
70,158,19
70,159,5
70,160,13
70,161,1
70,162,17
70,164,11
70,166,2
70,167,17
70,172,17
70,173,9
70,175,19
70,176,13
70,177,19
70,179,6
71,72,7
71,73,17
71,74,9
71,76,20
71,77,5
71,78,11
71,79,3
71,80,10
71,81,18
71,82,16
71,83,9
71,84,20
71,85,10
71,86,14
71,87,16
71,88,13
71,89,10
71,90,20
71,91,13
71,92,14
71,93,6
71,94,19
71,95,10
71,97,6
71,98,11
71,99,8
71,101,9
71,102,9
71,105,15
71,106,3
71,107,5
71,108,17
71,109,13
71,111,7
71,112,14
71,113,9
71,114,6
71,116,9
71,117,7
71,119,16
71,120,19
71,121,7
71,122,13
71,123,6
71,124,13
71,126,20
71,127,20
71,131,3
71,132,12
71,133,14
71,134,3
71,135,14
71,136,19
71,137,18
71,139,3
71,140,6
71,141,3
71,142,4
71,144,12
71,145,18
71,146,2
71,148,8
71,149,3
71,150,3
71,151,11
71,152,8
71,153,19
71,155,6
71,156,15
71,157,14
71,158,8
71,159,9
71,160,13
71,161,4
71,162,3
71,164,13
71,165,11
71,166,5
71,168,12
71,169,18
71,170,4
71,172,6
71,173,10
71,174,5
71,175,16
71,176,3
71,177,4
71,178,12
72,73,14
72,75,13
72,76,10
72,77,13
72,78,19
72,79,8
72,80,12
72,81,4
72,82,13
72,84,17
72,85,14
72,86,4
72,87,7
72,88,3
72,89,1
72,90,15
72,92,11
72,93,11
72,94,9
72,95,6
72,97,1
72,98,19
72,99,10
72,100,6
72,101,16
72,102,20
72,105,20
72,106,8
72,107,4
72,108,4
72,109,7
72,110,16
72,111,1
72,112,16
72,113,20
72,114,6
72,115,10
72,117,4
72,118,10
72,120,4
72,121,15
72,123,6
72,125,15
72,126,13
72,127,6
72,128,16
72,130,17
72,131,5
72,132,19
72,133,3
72,134,20
72,135,8
72,136,11
72,137,9
72,138,9
72,139,12
72,140,9
72,142,9
72,144,17
72,145,6
72,146,2
72,147,8
72,148,6
72,149,19
72,150,6
72,152,10
72,153,17
72,154,18
72,155,16
72,156,9
72,157,2
72,158,3
72,159,15
72,160,4
72,161,8
72,162,17
72,163,19
72,164,6
72,165,1
72,166,2
72,167,1
72,169,16
72,170,7
72,171,4
72,172,5
72,173,12
72,174,17
72,175,10
72,176,11
72,177,16
72,178,5
72,179,19
73,74,15
73,75,4
73,77,7
73,78,17
73,79,15
73,82,10
73,84,16
73,85,7
73,87,2
73,88,10
73,90,5
73,91,13
73,92,5
73,93,10
73,94,14
73,95,3
73,96,18
73,97,7
73,99,3
73,100,2
73,101,16
73,102,10
73,103,19
73,104,18
73,106,3
73,107,19
73,108,15
73,109,5
73,111,6
73,112,4
73,113,2
73,114,10
73,115,17
73,117,20
73,118,20
73,119,2
73,120,5
73,121,10
73,122,3
73,123,9
73,124,19
73,125,2
73,127,11
73,128,19
73,129,4
73,130,4
73,131,5
73,132,8
73,133,12
73,134,11
73,135,13
73,136,20
73,137,12
73,140,8
73,141,5
73,142,7
73,143,18
73,144,3
73,145,17
73,146,13
73,148,13
73,149,20
73,150,7
73,151,6
73,152,6
73,153,20
73,154,8
73,156,8
73,157,13
73,158,20
73,159,4
73,160,6
73,161,7
73,162,10
73,163,14
73,164,16
73,165,11
73,166,18
73,167,18
73,168,4
73,170,14
73,171,6
73,172,18
73,173,13
73,174,12
73,175,2
73,176,2
73,177,15
73,178,4
73,179,19
74,75,1
74,76,5
74,77,2
74,78,19
74,79,10
74,82,9
74,83,14
74,84,17
74,85,8
74,86,7
74,87,20
74,88,3
74,89,13
74,90,6
74,91,3
74,92,18
74,93,15
74,94,3
74,95,7
74,96,7
74,97,4
74,98,5
74,99,8
74,100,4
74,101,14
74,102,19
74,104,11
74,105,10
74,106,16
74,107,9
74,108,4
74,109,3
74,110,13
74,111,3
74,113,7
74,114,19
74,115,18
74,116,13
74,117,19
74,118,1
74,120,2
74,122,10
74,123,15
74,124,13
74,125,15
74,126,1
74,127,10
74,128,15
74,129,8
74,130,10
74,131,1
74,132,17
74,133,14
74,134,20
74,135,4
74,136,1
74,137,17
74,138,13
74,139,14
74,140,7
74,141,15
74,143,14
74,144,13
74,145,6
74,146,17
74,147,12
74,148,3
74,149,14
74,150,8
74,151,10
74,152,11
74,154,12
74,157,13
74,159,8
74,160,7
74,161,8
74,163,2
74,164,7
74,165,12
74,166,15
74,168,15
74,169,13
74,170,17
74,171,9
74,172,7
74,173,7
74,175,8
74,176,11
74,179,8
75,76,8
75,77,6
75,78,4
75,79,11
75,80,14
75,81,18
75,82,13
75,83,8
75,84,5
75,85,18
75,86,20
75,87,2
75,89,13
75,90,14
75,91,19
75,92,8
75,94,8
75,95,15
75,96,15
75,97,8
75,98,10
75,100,6
75,102,8
75,103,16
75,105,2
75,106,1
75,108,8
75,109,20
75,110,13
75,111,13
75,112,2
75,113,6
75,114,8
75,115,18
75,117,4
75,118,8
75,119,7
75,120,5
75,121,16
75,122,12
75,125,7
75,126,9
75,127,8
75,129,7
75,130,11
75,131,11
75,132,18
75,133,17
75,134,5
75,135,14
75,137,6
75,138,6
75,139,11
75,143,3
75,144,20
75,145,14
75,146,14
75,147,12
75,148,2
75,149,18
75,150,8
75,151,3
75,153,15
75,155,19
75,159,4
75,160,20
75,161,16
75,162,3
75,163,18
75,164,18
75,165,13
75,167,9
75,168,16
75,169,19
75,170,2
75,171,15
75,172,17
75,173,2
75,174,3
75,175,2
75,176,18
75,177,2
75,178,10
76,77,9
76,78,3
76,79,3
76,80,9
76,81,13
76,82,11
76,83,5
76,84,20
76,87,14
76,88,8
76,89,2
76,90,1
76,91,4
76,92,19
76,93,12
76,94,3
76,95,11
76,96,1
76,97,10
76,98,6
76,99,18
76,100,14
76,101,1
76,102,19
76,103,20
76,105,14
76,106,18
76,107,10
76,108,9
76,109,20
76,110,15
76,111,3
76,112,12
76,114,2
76,115,13
76,116,11
76,117,3
76,118,7
76,119,3
76,120,11
76,121,8
76,122,5
76,123,8
76,124,20
76,127,19
76,128,1
76,129,7
76,130,20
76,131,15
76,134,12
76,135,12
76,136,12
76,137,1
76,139,2
76,140,18
76,143,4
76,144,18
76,145,10
76,146,18
76,147,4
76,150,12
76,151,3
76,152,5
76,153,17
76,154,12
76,155,14
76,158,20
76,159,18
76,160,8
76,161,13
76,162,17
76,163,20
76,164,14
76,165,20
76,166,20
76,167,3
76,168,18
76,170,9
76,171,18
76,172,15
76,173,13
76,174,11
76,175,16
76,176,7
76,177,10
76,178,2
76,179,20
77,78,13
77,79,9
77,80,20
77,81,13
77,82,2
77,83,16
77,84,8
77,85,14
77,86,5
77,87,7
77,88,15
77,89,15
77,91,3
77,92,8
77,94,20
77,95,19
77,96,11
77,97,7
77,98,17
77,99,10
77,100,10
77,101,11
77,103,17
77,104,18
77,106,19
77,108,3
77,109,10
77,110,8
77,111,1
77,112,7
77,113,19
77,114,20
77,115,1
77,116,1
77,117,12
77,118,5
77,119,16
77,120,1
77,121,5
77,122,18
77,124,18
77,125,10
77,126,3
77,128,15
77,129,9
77,130,13
77,131,17
77,132,9
77,133,11
77,134,16
77,135,7
77,136,8
77,137,8
77,138,16
77,141,5
77,143,8
77,144,7
77,146,13
77,147,11
77,149,14
77,150,14
77,151,6
77,152,11
77,153,16
77,155,8
77,156,3
77,157,14
77,159,17
77,160,7
77,163,10
77,164,7
77,165,9
77,166,20
77,167,4
77,168,16
77,169,5
77,170,2
77,171,17
77,172,16
77,175,7
77,176,1
77,177,12
77,178,15
78,79,12
78,80,5
78,81,15
78,82,15
78,83,2
78,84,13
78,85,10
78,86,6
78,87,19
78,88,4
78,90,11
78,91,11
78,92,3
78,93,1
78,94,20
78,96,9
78,97,6
78,98,18
78,99,20
78,100,20
78,101,1
78,104,5
78,105,11
78,106,9
78,107,13
78,108,16
78,110,18
78,111,12
78,112,12
78,113,10
78,114,20
78,115,9
78,116,6
78,117,20
78,118,11
78,119,16
78,120,3
78,121,15
78,122,10
78,123,16
78,124,2
78,125,12
78,126,13
78,128,18
78,131,18
78,132,7
78,133,17
78,134,16
78,135,2
78,136,5
78,137,6
78,138,9
78,139,12
78,140,14
78,141,14
78,143,1
78,144,16
78,145,9
78,146,20
78,147,4
78,148,11
78,149,7
78,150,17
78,151,20
78,152,18
78,153,6
78,154,17
78,155,6
78,157,20
78,158,12
78,159,13
78,160,17
78,161,6
78,162,18
78,163,1
78,164,16
78,165,1
78,166,7
78,167,20
78,168,5
78,169,20
78,170,11
78,171,9
78,173,2
78,174,18
78,175,12
78,176,9
78,177,6
78,179,20
79,81,3
79,82,4
79,83,20
79,84,13
79,85,14
79,86,16
79,87,10
79,88,12
79,89,3
79,90,15
79,91,3
79,92,19
79,93,7
79,94,8
79,95,11
79,96,13
79,97,11
79,98,2
79,99,15
79,100,20
79,101,6
79,102,6
79,103,14
79,105,19
79,107,14
79,108,11
79,109,1
79,112,3
79,113,13
79,114,18
79,115,6
79,116,6
79,117,2
79,119,16
79,121,14
79,122,9
79,123,3
79,124,11
79,125,7
79,126,18
79,127,12
79,128,1
79,129,15
79,130,15
79,131,14
79,132,17
79,133,20
79,134,1
79,135,19
79,136,7
79,137,4
79,138,8
79,139,13
79,140,1
79,141,9
79,142,7
79,143,6
79,145,5
79,146,17
79,147,9
79,148,1
79,150,10
79,151,12
79,153,15
79,154,2
79,155,7
79,156,13
79,157,19
79,158,2
79,160,2
79,161,8
79,162,14
79,164,5
79,165,9
79,166,3
79,167,8
79,168,15
79,169,17
79,170,5
79,171,11
79,172,5
79,174,12
79,175,4
79,176,7
79,177,16
79,178,19
79,179,18
80,81,6
80,82,5
80,83,8
80,85,5
80,86,17
80,87,3
80,88,11
80,90,8
80,91,5
80,92,6
80,93,5
80,94,8
80,95,11
80,98,15
80,99,19
80,101,10
80,102,20
80,103,19
80,104,17
80,105,13
80,106,13
80,107,13
80,108,8
80,109,16
80,110,11
80,111,7
80,112,16
80,113,16
80,114,10
80,115,6
80,116,14
80,118,8
80,119,14
80,120,6
80,121,18
80,122,10
80,123,12
80,124,14
80,125,3
80,128,19
80,130,12
80,131,10
80,133,5
80,134,11
80,135,14
80,136,10
80,137,3
80,138,4
80,140,3
80,141,16
80,142,13
80,143,14
80,145,4
80,146,14
80,147,14
80,148,18
80,149,17
80,151,18
80,152,20
80,153,14
80,154,3
80,156,7
80,157,10
80,158,13
80,159,14
80,160,6
80,162,20
80,163,19
80,164,16
80,165,14
80,166,15
80,168,11
80,169,20
80,170,12
80,172,7
80,173,5
80,174,18
80,175,17
80,176,2
80,177,1
80,178,4
80,179,4
81,82,18
81,83,2
81,84,19
81,85,1
81,86,18
81,87,1
81,89,20
81,90,1
81,91,19
81,92,10
81,93,20
81,95,15
81,96,9
81,98,14
81,99,11
81,100,19
81,101,4
81,103,10
81,104,13
81,105,3
81,106,16
81,107,17
81,108,19
81,109,7
81,113,16
81,116,9
81,118,18
81,120,10
81,121,10
81,124,12
81,125,9
81,126,7
81,127,9
81,128,1
81,129,2
81,130,20
81,131,1
81,132,16
81,133,2
81,134,13
81,135,16
81,136,12
81,137,5
81,139,10
81,140,2
81,141,11
81,142,13
81,143,15
81,146,3
81,147,3
81,148,11
81,150,20
81,151,2
81,153,2
81,154,17
81,155,3
81,157,19
81,159,8
81,160,11
81,161,16
81,163,15
81,164,7
81,165,19
81,166,19
81,167,13
81,168,12
81,171,11
81,172,1
81,173,7
81,174,2
81,175,9
81,176,17
81,177,15
81,178,6
81,179,6
82,83,20
82,84,11
82,85,15
82,86,3
82,87,17
82,88,20
82,89,18
82,90,11
82,91,8
82,92,7
82,93,4
82,95,1
82,97,17
82,98,12
82,99,7
82,101,8
82,102,12
82,103,16
82,104,17
82,105,13
82,106,9
82,107,12
82,108,18
82,109,5
82,110,11
82,111,3
82,112,7
82,113,10
82,114,4
82,115,16
82,116,16
82,117,18
82,118,13
82,119,18
82,120,19
82,122,15
82,123,17
82,124,15
82,125,8
82,127,11
82,130,15
82,131,16
82,132,16
82,134,3
82,135,8
82,136,1
82,137,7
82,138,6
82,140,8
82,141,6
82,143,19
82,144,17
82,145,9
82,146,7
82,147,18
82,148,20
82,150,10
82,151,10
82,152,2
82,154,18
82,155,12
82,156,16
82,157,10
82,158,2
82,159,14
82,160,4
82,162,20
82,163,20
82,164,10
82,165,17
82,166,8
82,167,15
82,168,1
82,169,5
82,170,1
82,171,10
82,172,18
82,173,12
82,174,10
82,176,12
82,177,2
82,178,14
83,84,13
83,85,9
83,87,1
83,88,5
83,90,11
83,91,18
83,93,1
83,94,9
83,95,20
83,96,16
83,97,2
83,98,9
83,99,18
83,100,15
83,101,19
83,102,11
83,103,11
83,104,10
83,105,3
83,106,19
83,107,4
83,108,6
83,109,2
83,110,19
83,111,18
83,112,12
83,113,11
83,114,3
83,115,6
83,116,16
83,117,19
83,118,7
83,119,7
83,120,9
83,121,5
83,122,11
83,123,12
83,124,13
83,125,10
83,126,3
83,127,2
83,128,19
83,129,14
83,130,9
83,131,3
83,132,2
83,133,20
83,134,10
83,135,20
83,136,10
83,137,5
83,138,16
83,140,4
83,142,4
83,143,17
83,144,14
83,145,2
83,146,4
83,147,5
83,149,18
83,150,14
83,151,5
83,152,4
83,154,7
83,155,2
83,156,10
83,157,18
83,158,18
83,159,9
83,160,16
83,162,11
83,165,6
83,166,10
83,167,8
83,168,1
83,169,11
83,170,18
83,171,5
83,172,1
83,174,2
83,175,6
83,176,18
83,177,20
83,178,13
83,179,18
84,85,2
84,86,3
84,87,6
84,88,5
84,89,5
84,90,16
84,91,14
84,92,7
84,93,13
84,94,10
84,95,16
84,96,14
84,97,11
84,98,6
84,99,20
84,100,7
84,101,7
84,102,4
84,103,1
84,104,3
84,105,13
84,106,9
84,107,13
84,108,17
84,109,3
84,111,11
84,112,8
84,113,16
84,114,7
84,115,11
84,116,3
84,117,13
84,118,19
84,119,10
84,120,5
84,122,5
84,123,15
84,124,8
84,125,4
84,127,18
84,129,1
84,130,4
84,131,20
84,132,20
84,133,9
84,134,10
84,135,11
84,136,14
84,137,14
84,138,8
84,139,15
84,140,18
84,141,16
84,142,8
84,145,19
84,147,9
84,149,9
84,150,3
84,151,9
84,152,20
84,153,20
84,154,18
84,155,18
84,157,9
84,159,1
84,160,2
84,161,15
84,162,8
84,165,2
84,166,14
84,169,19
84,170,9
84,172,18
84,173,19
84,174,20
84,175,4
84,177,17
84,178,5
85,87,11
85,88,19
85,90,17
85,91,16
85,93,3
85,94,16
85,95,9
85,96,1
85,97,19
85,98,9
85,100,11
85,101,5
85,102,12
85,103,3
85,105,18
85,106,18
85,107,19
85,108,1
85,109,10
85,110,4
85,111,16
85,112,13
85,113,12
85,114,9
85,115,1
85,117,2
85,118,10
85,119,17
85,120,7
85,121,13
85,122,9
85,123,10
85,124,10
85,125,17
85,126,6
85,127,8
85,128,1
85,129,7
85,130,16
85,131,1
85,132,2
85,134,11
85,135,11
85,136,7
85,137,18
85,138,7
85,140,15
85,142,14
85,144,12
85,145,7
85,146,20
85,148,20
85,149,12
85,150,20
85,152,14
85,153,18
85,156,19
85,157,20
85,158,19
85,159,2
85,160,7
85,161,1
85,162,17
85,163,19
85,164,20
85,165,2
85,166,20
85,167,6
85,168,18
85,169,4
85,170,1
85,171,9
85,172,18
85,173,18
85,174,8
85,175,20
85,176,18
85,178,13
85,179,15
86,88,3
86,90,14
86,91,3
86,92,19
86,93,20
86,94,14
86,95,5
86,96,6
86,97,16
86,99,20
86,100,4
86,101,12
86,102,20
86,104,6
86,105,7
86,106,10
86,107,11
86,108,4
86,109,16
86,110,5
86,111,8
86,112,12
86,113,4
86,115,11
86,116,8
86,117,9
86,118,20
86,119,6
86,120,18
86,121,7
86,124,20
86,125,10
86,126,19
86,127,6
86,128,4
86,130,2
86,132,3
86,133,9
86,134,6
86,135,10
86,136,3
86,138,17
86,139,10
86,140,14
86,141,5
86,142,6
86,143,17
86,144,16
86,145,11
86,146,10
86,147,18
86,148,13
86,149,3
86,151,12
86,153,8
86,154,7
86,156,18
86,157,13
86,160,18
86,161,4
86,162,16
86,163,18
86,164,6
86,166,2
86,167,20
86,168,14
86,169,12
86,171,14
86,172,5
86,173,19
86,175,6
86,176,13
86,177,14
86,178,7
86,179,13
87,88,6
87,89,17
87,90,17
87,92,11
87,93,5
87,94,16
87,95,2
87,96,2
87,97,8
87,98,13
87,99,11
87,101,11
87,102,7
87,104,14
87,105,6
87,107,9
87,108,20
87,109,13
87,110,20
87,111,15
87,113,9
87,114,17
87,115,1
87,116,13
87,117,10
87,118,14
87,119,3
87,121,18
87,123,3
87,125,3
87,126,8
87,127,7
87,128,20
87,130,1
87,131,13
87,132,2
87,133,17
87,134,2
87,135,5
87,136,6
87,137,7
87,140,19
87,141,5
87,142,16
87,143,15
87,144,6
87,145,1
87,147,3
87,148,12
87,150,18
87,152,3
87,154,16
87,155,11
87,156,7
87,157,7
87,158,6
87,159,5
87,161,6
87,162,10
87,163,2
87,164,5
87,165,16
87,169,13
87,170,6
87,171,15
87,172,1
87,173,15
87,175,10
87,177,8
87,178,13
88,89,12
88,90,3
88,92,16
88,93,15
88,94,5
88,95,16
88,96,20
88,97,13
88,98,6
88,99,6
88,100,2
88,101,20
88,102,19
88,103,20
88,104,17
88,105,19
88,106,13
88,107,4
88,108,11
88,109,14
88,110,10
88,111,13
88,112,2
88,114,19
88,115,18
88,116,2
88,119,18
88,120,4
88,122,4
88,123,6
88,124,10
88,126,8
88,127,15
88,128,12
88,129,14
88,130,6
88,132,15
88,133,11
88,134,19
88,135,4
88,136,10
88,138,13
88,139,2
88,140,20
88,141,5
88,142,19
88,143,18
88,146,11
88,147,4
88,148,14
88,150,18
88,151,9
88,152,11
88,153,11
88,154,1
88,156,20
88,158,17
88,159,15
88,160,14
88,161,15
88,163,11
88,164,14
88,165,13
88,167,2
88,168,7
88,169,5
88,170,5
88,171,5
88,172,20
88,173,18
88,174,2
88,175,20
88,178,3
88,179,19
89,90,13
89,91,17
89,92,3
89,95,1
89,96,2
89,97,1
89,98,9
89,99,13
89,100,14
89,101,18
89,102,9
89,104,1
89,105,6
89,106,11
89,107,12
89,108,15
89,109,15
89,110,16
89,112,2
89,113,16
89,114,13
89,115,18
89,116,8
89,118,2
89,120,18
89,121,11
89,123,4
89,124,14
89,125,13
89,126,2
89,127,7
89,128,14
89,129,12
89,130,9
89,131,16
89,133,10
89,134,4
89,135,15
89,137,17
89,139,12
89,140,20
89,141,4
89,142,10
89,143,10
89,144,16
89,146,2
89,147,13
89,148,1
89,149,17
89,150,18
89,151,13
89,152,11
89,153,10
89,155,10
89,156,8
89,158,20
89,160,16
89,161,12
89,162,10
89,164,18
89,165,10
89,166,3
89,167,13
89,168,6
89,169,5
89,170,20
89,171,11
89,172,7
89,173,5
89,174,9
89,175,7
89,176,13
89,177,16
89,178,20
89,179,17
90,91,1
90,92,9
90,93,5
90,94,10
90,95,14
90,96,1
90,97,16
90,98,3
90,100,3
90,101,6
90,103,4
90,104,6
90,105,2
90,107,1
90,108,10
90,109,10
90,110,11
90,111,18
90,112,14
90,113,17
90,115,20
90,116,11
90,117,5
90,119,3
90,120,6
90,121,14
90,122,4
90,123,6
90,124,7
90,125,13
90,126,8
90,127,11
90,128,7
90,129,14
90,131,16
90,132,1
90,133,17
90,134,8
90,135,16
90,137,18
90,138,12
90,140,3
90,141,9
90,142,6
90,143,1
90,144,11
90,145,14
90,146,16
90,147,10
90,148,16
90,149,1
90,151,15
90,152,4
90,153,8
90,154,14
90,155,11
90,156,11
90,158,7
90,159,3
90,160,5
90,161,17
90,162,16
90,163,4
90,164,2
90,165,3
90,166,11
90,167,9
90,168,16
90,169,19
90,170,16
90,171,6
90,172,11
90,173,11
90,174,8
90,175,2
90,176,8
90,177,17
90,178,9
90,179,2
91,92,12
91,94,5
91,95,19
91,96,2
91,97,12
91,98,4
91,99,17
91,100,5
91,102,6
91,104,4
91,105,7
91,106,12
91,107,3
91,109,14
91,111,1
91,112,14
91,113,7
91,115,18
91,116,3
91,117,8
91,118,7
91,120,8
91,121,8
91,122,8
91,123,5
91,124,4
91,128,3
91,129,17
91,130,9
91,131,12
91,132,8
91,133,1
91,134,20
91,135,17
91,136,12
91,137,16
91,140,13
91,141,14
91,142,18
91,143,4
91,144,14
91,145,3
91,146,5
91,147,9
91,148,17
91,149,7
91,150,1
91,152,16
91,154,2
91,156,19
91,157,16
91,158,9
91,159,15
91,160,19
91,161,1
91,162,10
91,163,14
91,164,8
91,165,3
91,166,9
91,167,8
91,168,10
91,169,16
91,170,5
91,171,10
91,172,8
91,173,20
91,174,5
91,175,8
91,176,20
91,178,15
91,179,13
92,93,7
92,94,11
92,95,14
92,96,5
92,97,16
92,98,9
92,100,8
92,101,15
92,102,12
92,103,7
92,104,2
92,105,8
92,106,12
92,107,17
92,108,14
92,110,1
92,111,9
92,112,20
92,113,18
92,114,4
92,116,10
92,117,11
92,118,9
92,119,11
92,120,6
92,122,8
92,123,13
92,124,12
92,125,16
92,126,4
92,127,18
92,128,11
92,129,1
92,130,16
92,132,16
92,133,13
92,134,15
92,135,4
92,136,5
92,137,9
92,138,17
92,139,2
92,140,11
92,142,2
92,143,12
92,147,8
92,148,8
92,149,13
92,150,20
92,151,18
92,154,7
92,156,13
92,157,7
92,158,17
92,160,6
92,161,16
92,162,5
92,163,16
92,164,20
92,165,2
92,166,10
92,167,5
92,169,7
92,170,9
92,171,12
92,173,20
92,174,10
92,175,11
92,176,10
92,177,1
92,179,2
93,94,5
93,95,4
93,96,8
93,97,16
93,98,19
93,99,20
93,100,11
93,101,19
93,102,9
93,104,10
93,105,12
93,107,13
93,108,12
93,109,1
93,110,19
93,111,4
93,112,13
93,113,18
93,114,4
93,115,11
93,116,19
93,117,3
93,118,3
93,119,4
93,120,2
93,122,14
93,123,20
93,127,15
93,131,5
93,132,8
93,133,12
93,134,1
93,135,5
93,136,2
93,137,5
93,138,9
93,139,16
93,140,5
93,141,10
93,142,5
93,143,7
93,144,16
93,146,12
93,147,13
93,148,17
93,151,15
93,152,5
93,153,11
93,154,20
93,155,2
93,156,11
93,158,19
93,159,17
93,161,18
93,162,1
93,163,1
93,164,14
93,165,6
93,166,20
93,167,7
93,168,14
93,169,6
93,170,13
93,171,8
93,172,4
93,174,10
93,176,15
93,177,8
93,178,16
93,179,9
94,95,6
94,96,7
94,97,19
94,98,4
94,101,2
94,102,5
94,103,2
94,104,7
94,106,9
94,107,19
94,108,18
94,110,12
94,111,9
94,113,11
94,114,6
94,115,14
94,116,4
94,117,5
94,118,18
94,119,11
94,121,10
94,122,7
94,124,6
94,125,4
94,126,3
94,128,7
94,130,17
94,131,11
94,132,1
94,133,4
94,135,20
94,137,19
94,138,2
94,139,17
94,140,3
94,141,4
94,142,9
94,143,11
94,145,6
94,146,12
94,147,7
94,149,6
94,150,18
94,153,3
94,154,13
94,155,15
94,156,19
94,157,19
94,158,17
94,159,5
94,160,9
94,161,10
94,162,6
94,164,19
94,165,11
94,166,6
94,169,7
94,171,20
94,173,10
94,174,10
94,175,4
94,176,13
94,177,2
94,179,18
95,97,15
95,99,7
95,100,16
95,101,13
95,102,2
95,103,7
95,104,14
95,105,8
95,106,15
95,107,11
95,110,8
95,111,2
95,114,17
95,115,12
95,116,7
95,117,6
95,118,19
95,119,16
95,121,4
95,122,20
95,123,18
95,125,14
95,126,8
95,127,19
95,128,7
95,129,17
95,130,18
95,131,4
95,132,10
95,133,19
95,134,2
95,135,6
95,136,1
95,137,3
95,139,8
95,140,1
95,142,18
95,143,1
95,146,20
95,147,10
95,149,12
95,150,11
95,151,4
95,152,6
95,154,11
95,155,8
95,157,11
95,158,13
95,160,19
95,162,20
95,163,10
95,164,10
95,165,14
95,167,15
95,168,3
95,169,16
95,170,3
95,171,19
95,172,13
95,173,12
95,175,5
95,176,14
95,177,16
95,179,10
96,97,13
96,98,3
96,99,6
96,100,13
96,101,20
96,102,1
96,104,4
96,105,5
96,106,18
96,107,11
96,108,12
96,109,3
96,110,7
96,111,17
96,113,10
96,114,10
96,115,5
96,118,19
96,122,9
96,123,2
96,124,17
96,125,7
96,126,8
96,127,15
96,128,7
96,129,10
96,130,2
96,131,7
96,132,17
96,133,10
96,135,7
96,136,1
96,137,7
96,139,14
96,140,6
96,141,14
96,143,19
96,144,16
96,145,1
96,146,4
96,147,18
96,148,1
96,149,11
96,150,9
96,151,7
96,153,13
96,154,6
96,155,7
96,156,16
96,157,18
96,158,2
96,159,9
96,160,17
96,161,5
96,162,3
96,163,10
96,164,10
96,165,3
96,166,3
96,167,10
96,169,4
96,170,19
96,171,11
96,173,12
96,175,13
96,176,17
96,177,17
96,178,11
96,179,18
97,99,11
97,100,1
97,101,15
97,103,20
97,104,11
97,105,18
97,106,14
97,107,16
97,108,18
97,109,11
97,110,2
97,111,1
97,112,10
97,113,2
97,115,9
97,116,12
97,118,8
97,119,16
97,120,14
97,122,2
97,123,16
97,124,9
97,125,7
97,126,20
97,127,17
97,128,3
97,129,12
97,130,16
97,132,5
97,134,12
97,135,20
97,137,9
97,138,20
97,139,5
97,140,10
97,141,14
97,142,6
97,143,7
97,144,9
97,145,15
97,146,10
97,149,3
97,150,9
97,151,20
97,152,4
97,154,14
97,155,5
97,156,16
97,157,20
97,158,2
97,159,1
97,160,14
97,161,11
97,162,1
97,163,9
97,164,14
97,165,6
97,167,17
97,168,17
97,170,13
97,171,15
97,172,15
97,173,12
97,174,15
97,175,16
97,176,15
97,177,17
97,178,2
97,179,14
98,99,5
98,100,4
98,101,9
98,102,13
98,103,6
98,104,10
98,105,3
98,108,18
98,110,20
98,111,4
98,113,5
98,114,1
98,117,1
98,118,6
98,119,6
98,120,15
98,121,5
98,122,14
98,123,5
98,124,11
98,125,5
98,126,20
98,127,16
98,128,20
98,129,3
98,130,20
98,132,1
98,133,16
98,134,18
98,135,10
98,136,16
98,137,13
98,138,20
98,139,6
98,140,12
98,141,15
98,142,10
98,143,1
98,144,16
98,145,13
98,146,17
98,148,11
98,149,8
98,150,12
98,152,13
98,154,19
98,156,3
98,157,17
98,158,13
98,159,20
98,160,17
98,162,19
98,163,6
98,164,11
98,165,15
98,166,16
98,170,1
98,171,20
98,172,16
98,173,4
98,174,2
98,176,9
98,177,11
98,178,6
98,179,3
99,100,14
99,101,17
99,102,18
99,104,2
99,105,18
99,107,17
99,108,20
99,109,7
99,110,5
99,112,14
99,114,18
99,115,12
99,117,11
99,118,14
99,119,17
99,120,11
99,121,11
99,122,9
99,123,8
99,124,19
99,125,2
99,126,1
99,127,14
99,128,19
99,132,12
99,133,1
99,134,20
99,135,8
99,136,5
99,137,12
99,138,5
99,139,11
99,140,8
99,141,8
99,142,11
99,143,11
99,144,16
99,145,18
99,146,7
99,147,10
99,148,19
99,149,12
99,150,16
99,151,5
99,156,8
99,157,8
99,158,15
99,159,11
99,160,14
99,161,3
99,162,12
99,163,9
99,164,18
99,166,15
99,167,15
99,168,2
99,169,8
99,172,1
99,175,6
99,176,15
99,177,2
99,178,4
99,179,10
100,101,8
100,102,19
100,103,8
100,106,9
100,107,16
100,108,3
100,110,18
100,111,7
100,112,18
100,113,14
100,114,19
100,116,13
100,117,13
100,118,6
100,119,19
100,122,19
100,123,11
100,124,4
100,125,6
100,126,1
100,127,16
100,129,10
100,130,20
100,131,14
100,132,15
100,133,5
100,134,9
100,135,17
100,138,15
100,141,13
100,142,10
100,143,12
100,144,18
100,145,16
100,146,17
100,147,19
100,148,4
100,149,4
100,150,13
100,152,10
100,153,19
100,155,5
100,156,2
100,157,18
100,159,5
100,160,7
100,161,3
100,162,17
100,163,9
100,164,18
100,165,19
100,166,10
100,167,7
100,169,1
100,170,17
100,171,6
100,172,1
100,174,18
100,175,7
100,176,5
100,177,3
100,178,10
100,179,3
101,102,16
101,103,2
101,104,11
101,108,17
101,109,5
101,110,17
101,111,14
101,113,19
101,114,2
101,115,13
101,116,8
101,117,16
101,118,8
101,119,12
101,120,3
101,121,17
101,123,7
101,124,8
101,125,12
101,126,2
101,127,11
101,128,7
101,129,14
101,130,10
101,131,10
101,132,3
101,134,3
101,135,7
101,136,6
101,138,15
101,139,5
101,140,15
101,142,14
101,143,11
101,144,4
101,145,6
101,146,18
101,147,11
101,148,3
101,149,5
101,150,15
101,151,18
101,154,14
101,155,7
101,156,16
101,158,6
101,159,1
101,161,5
101,163,1
101,164,18
101,165,20
101,166,19
101,168,4
101,169,19
101,171,15
101,173,19
101,176,19
101,178,10
101,179,15
102,104,19
102,105,18
102,106,10
102,107,8
102,108,5
102,109,6
102,110,19
102,111,19
102,112,15
102,113,5
102,114,11
102,115,18
102,116,6
102,117,9
102,120,20
102,122,18
102,123,15
102,124,5
102,126,9
102,128,14
102,129,15
102,132,10
102,134,6
102,136,20
102,137,15
102,138,19
102,139,8
102,140,4
102,142,3
102,143,14
102,144,4
102,146,1
102,147,10
102,148,10
102,152,18
102,153,12
102,155,2
102,158,15
102,159,18
102,160,11
102,161,18
102,162,11
102,163,13
102,164,1
102,166,2
102,167,5
102,168,5
102,169,3
102,170,19
102,171,5
102,172,16
102,173,3
102,174,11
102,175,19
102,176,16
102,179,18
103,106,13
103,107,17
103,108,6
103,109,1
103,113,19
103,114,17
103,115,13
103,116,3
103,117,16
103,118,9
103,119,16
103,120,19
103,121,1
103,122,6
103,124,14
103,125,14
103,126,14
103,128,5
103,129,16
103,130,18
103,131,4
103,132,8
103,133,16
103,134,13
103,135,17
103,137,20
103,138,14
103,139,10
103,140,18
103,141,14
103,142,16
103,143,16
103,144,8
103,145,11
103,146,18
103,147,8
103,148,1
103,149,18
103,150,12
103,151,13
103,152,3
103,153,6
103,154,1
103,155,3
103,156,8
103,157,14
103,158,18
103,159,6
103,160,5
103,162,13
103,163,15
103,164,12
103,166,20
103,167,13
103,168,11
103,169,19
103,171,12
103,172,1
103,173,10
103,175,11
103,176,1
103,178,15
103,179,1
104,105,10
104,106,14
104,107,1
104,108,4
104,109,18
104,111,9
104,112,17
104,113,18
104,115,7
104,116,20
104,117,13
104,119,4
104,122,19
104,123,17
104,124,16
104,125,15
104,126,1
104,127,13
104,128,10
104,129,19
104,130,9
104,132,8
104,133,8
104,135,7
104,136,11
104,137,5
104,138,2
104,141,20
104,142,7
104,143,17
104,146,8
104,148,14
104,149,7
104,151,9
104,152,15
104,153,18
104,154,3
104,155,2
104,156,1
104,159,9
104,160,10
104,161,13
104,162,9
104,164,19
104,165,6
104,166,1
104,168,6
104,169,19
104,170,17
104,174,4
104,175,14
104,176,11
104,177,6
104,178,8
104,179,10
105,107,3
105,109,16
105,110,4
105,111,11
105,112,20
105,115,3
105,116,5
105,117,15
105,118,8
105,119,1
105,120,5
105,122,12
105,123,14
105,124,10
105,125,17
105,126,18
105,127,18
105,128,7
105,129,7
105,130,6
105,131,15
105,132,1
105,133,14
105,134,10
105,135,18
105,136,8
105,137,14
105,138,13
105,141,6
105,142,14
105,143,15
105,144,15
105,146,2
105,147,20
105,148,2
105,149,8
105,150,6
105,152,4
105,153,13
105,154,2
105,155,14
105,156,18
105,157,8
105,158,12
105,159,19
105,162,13
105,163,12
105,164,5
105,165,10
105,166,18
105,169,14
105,170,12
105,172,6
105,173,4
105,174,14
105,177,17
105,179,5
106,107,8
106,108,2
106,110,10
106,111,12
106,112,7
106,113,11
106,114,2
106,115,16
106,116,20
106,117,5
106,118,19
106,119,20
106,120,1
106,121,10
106,122,5
106,123,20
106,124,12
106,125,18
106,126,11
106,128,4
106,129,14
106,130,6
106,131,19
106,133,15
106,134,15
106,136,14
106,137,1
106,138,10
106,140,5
106,143,7
106,144,14
106,145,14
106,146,20
106,147,6
106,148,5
106,149,11
106,150,6
106,151,7
106,152,10
106,153,15
106,154,4
106,155,12
106,156,13
106,157,11
106,158,17
106,159,9
106,160,3
106,161,18
106,162,10
106,163,9
106,164,2
106,165,12
106,166,2
106,167,18
106,169,12
106,170,19
106,171,18
106,172,20
106,173,5
106,174,13
106,175,16
106,176,3
106,177,13
106,179,8
107,109,16
107,111,10
107,112,8
107,113,15
107,115,14
107,116,15
107,117,6
107,118,18
107,119,7
107,120,4
107,121,20
107,122,6
107,123,2
107,125,19
107,126,19
107,127,13
107,129,3
107,130,2
107,131,18
107,133,4
107,134,8
107,135,3
107,136,3
107,137,1
107,138,16
107,139,7
107,140,3
107,141,20
107,143,7
107,144,6
107,145,2
107,146,20
107,147,11
107,148,2
107,149,5
107,150,8
107,151,6
107,152,5
107,153,4
107,154,19
107,155,13
107,157,20
107,158,16
107,159,17
107,160,13
107,161,16
107,162,10
107,163,5
107,165,14
107,166,14
107,167,6
107,168,17
107,170,6
107,172,19
107,174,19
107,175,11
107,176,17
107,177,12
107,178,18
107,179,1
108,109,12
108,110,16
108,111,13
108,112,6
108,113,6
108,116,8
108,117,14
108,118,17
108,119,9
108,120,12
108,122,15
108,123,8
108,124,5
108,125,19
108,126,17
108,127,7
108,128,17
108,129,5
108,130,13
108,131,19
108,132,7
108,133,7
108,134,16
108,135,8
108,136,4
108,137,10
108,138,9
108,139,6
108,140,12
108,141,16
108,142,11
108,143,9
108,144,11
108,145,17
108,146,11
108,147,10
108,148,11
108,149,14
108,150,16
108,151,10
108,152,18
108,153,1
108,154,17
108,155,1
108,156,18
108,157,7
108,159,6
108,160,8
108,161,4
108,163,13
108,164,13
108,166,14
108,168,15
108,169,17
108,171,6
108,172,4
108,173,11
108,174,16
108,176,8
108,177,7
108,178,5
108,179,18
109,110,12
109,111,14
109,112,17
109,113,7
109,114,16
109,115,17
109,116,18
109,117,16
109,118,5
109,119,5
109,120,5
109,121,16
109,122,16
109,123,3
109,124,3
109,126,3
109,129,17
109,130,3
109,131,9
109,132,17
109,134,9
109,135,2
109,136,12
109,137,16
109,138,13
109,139,12
109,140,12
109,141,14
109,142,8
109,143,16
109,144,1
109,146,9
109,147,5
109,148,14
109,149,14
109,150,10
109,151,1
109,152,4
109,153,12
109,154,2
109,155,2
109,156,15
109,158,11
109,159,8
109,160,18
109,161,20
109,162,7
109,164,14
109,165,3
109,166,4
109,167,9
109,168,9
109,169,13
109,172,12
109,173,20
109,174,15
109,175,17
109,176,9
109,178,14
109,179,7
110,111,16
110,113,16
110,114,4
110,115,18
110,116,10
110,117,5
110,118,5
110,119,9
110,121,5
110,122,13
110,123,11
110,124,9
110,125,11
110,126,7
110,127,20
110,128,3
110,129,13
110,130,1
110,131,17
110,132,19
110,133,6
110,134,16
110,135,3
110,136,11
110,137,2
110,138,5
110,141,18
110,142,9
110,143,3
110,145,17
110,146,3
110,147,10
110,148,12
110,149,4
110,150,3
110,151,7
110,152,5
110,153,9
110,154,7
110,155,15
110,157,11
110,158,11
110,160,11
110,161,20
110,162,4
110,163,9
110,164,18
110,165,8
110,166,20
110,167,17
110,168,10
110,169,1
110,170,2
110,171,9
110,172,7
110,173,7
110,175,7
110,176,11
110,178,7
110,179,4
111,112,6
111,113,2
111,114,13
111,115,7
111,116,6
111,117,16
111,118,10
111,119,6
111,120,14
111,121,20
111,122,20
111,123,4
111,124,2
111,127,4
111,129,11
111,130,14
111,132,9
111,133,20
111,134,16
111,135,18
111,136,17
111,137,17
111,138,12
111,141,6
111,143,5
111,144,13
111,145,17
111,146,13
111,147,5
111,148,9
111,149,3
111,150,1
111,151,9
111,152,18
111,153,10
111,155,3
111,156,20
111,157,8
111,158,2
111,159,7
111,160,16
111,161,14
111,162,7
111,163,14
111,164,12
111,165,13
111,167,14
111,168,9
111,169,9
111,170,6
111,171,13
111,172,13
111,173,6
111,174,4
111,176,3
111,177,2
111,178,15
111,179,2
112,113,15
112,114,18
112,115,4
112,116,4
112,117,4
112,120,9
112,121,19
112,123,9
112,124,11
112,125,14
112,126,4
112,127,3
112,128,9
112,129,5
112,130,19
112,131,5
112,132,3
112,134,14
112,135,18
112,136,8
112,137,19
112,138,18
112,139,16
112,140,8
112,141,3
112,142,2
112,145,20
112,146,6
112,147,5
112,148,3
112,149,15
112,150,7
112,152,11
112,153,4
112,156,2
112,158,11
112,159,12
112,160,18
112,161,9
112,162,10
112,163,3
112,164,9
112,165,11
112,166,3
112,167,12
112,168,1
112,169,8
112,170,8
112,171,18
112,172,2
112,173,5
112,174,16
112,176,17
112,177,18
112,178,1
112,179,7
113,114,20
113,116,6
113,117,7
113,119,14
113,120,4
113,121,10
113,122,7
113,123,13
113,124,19
113,126,8
113,127,19
113,128,19
113,129,3
113,130,9
113,131,7
113,133,13
113,135,8
113,136,9
113,138,7
113,139,11
113,140,5
113,141,1
113,144,12
113,145,8
113,147,18
113,148,8
113,150,4
113,151,12
113,152,8
113,153,14
113,154,14
113,155,16
113,157,19
113,158,20
113,159,11
113,160,2
113,161,11
113,163,3
113,164,9
113,165,8
113,166,5
113,168,20
113,169,6
113,170,16
113,171,14
113,172,18
113,173,13
113,174,18
113,175,6
113,176,9
113,177,12
113,178,10
113,179,19
114,116,9
114,117,10
114,119,15
114,120,1
114,121,8
114,124,4
114,125,18
114,126,9
114,127,17
114,128,11
114,130,2
114,131,14
114,134,19
114,135,6
114,136,4
114,137,19
114,139,20
114,140,15
114,141,20
114,142,19
114,143,9
114,144,9
114,145,6
114,146,10
114,147,10
114,149,17
114,150,10
114,152,11
114,153,3
114,154,7
114,155,4
114,156,9
114,157,7
114,158,13
114,159,2
114,160,11
114,162,18
114,163,9
114,164,3
114,165,6
114,166,9
114,167,12
114,169,9
114,170,18
114,171,4
114,172,15
114,173,5
114,174,14
114,175,12
114,176,16
114,177,18
114,178,8
114,179,20
115,116,16
115,117,16
115,119,2
115,120,5
115,124,17
115,125,10
115,126,8
115,127,2
115,128,20
115,129,4
115,130,11
115,132,12
115,133,7
115,134,2
115,135,4
115,136,3
115,138,18
115,141,10
115,142,15
115,143,5
115,144,11
115,145,10
115,148,13
115,149,2
115,150,16
115,151,6
115,152,5
115,153,20
115,155,20
115,158,7
115,159,12
115,160,2
115,162,5
115,163,9
115,164,8
115,166,6
115,167,12
115,168,16
115,171,16
115,172,7
115,173,13
115,174,20
115,175,19
115,179,17
116,117,14
116,118,20
116,119,15
116,120,5
116,121,5
116,122,7
116,124,10
116,126,19
116,127,15
116,128,15
116,129,20
116,130,2
116,131,18
116,133,3
116,135,12
116,136,6
116,137,18
116,138,6
116,139,2
116,140,11
116,141,5
116,142,15
116,144,15
116,145,14
116,146,18
116,147,9
116,148,15
116,149,1
116,150,3
116,151,7
116,152,4
116,153,20
116,154,11
116,155,11
116,156,10
116,157,16
116,160,11
116,161,9
116,162,5
116,163,10
116,164,5
116,165,11
116,166,19
116,167,15
116,170,13
116,171,17
116,172,13
116,173,20
116,174,12
116,175,6
116,176,6
116,177,2
116,179,5
117,120,9
117,121,14
117,122,8
117,123,5
117,124,15
117,125,7
117,126,2
117,127,6
117,128,15
117,129,20
117,130,13
117,131,15
117,132,17
117,133,4
117,135,6
117,136,7
117,137,1
117,138,20
117,139,6
117,140,19
117,141,5
117,143,6
117,145,14
117,146,1
117,147,1
117,148,14
117,149,4
117,150,11
117,151,13
117,153,12
117,154,3
117,155,6
117,156,17
117,157,14
117,158,16
117,159,2
117,160,4
117,161,18
117,162,8
117,163,9
117,164,10
117,165,5
117,167,19
117,168,3
117,169,20
117,170,10
117,171,12
117,172,15
117,173,11
117,174,20
117,175,11
117,176,15
117,177,9
117,178,11
117,179,14
118,119,15
118,120,3
118,121,9
118,122,18
118,124,6
118,125,4
118,126,15
118,127,14
118,128,6
118,129,1
118,130,18
118,133,11
118,135,15
118,136,8
118,137,16
118,139,10
118,140,8
118,141,4
118,142,7
118,143,18
118,145,13
118,146,6
118,148,12
118,149,7
118,150,18
118,151,14
118,152,18
118,155,20
118,157,17
118,158,17
118,159,11
118,160,9
118,164,16
118,165,9
118,166,12
118,168,4
118,169,19
118,170,20
118,171,1
118,172,16
118,173,14
118,174,11
118,175,1
118,176,16
118,177,8
118,178,15
118,179,6
119,120,13
119,123,17
119,124,3
119,125,11
119,126,12
119,129,3
119,130,8
119,131,6
119,133,7
119,134,3
119,135,11
119,136,8
119,137,17
119,138,2
119,140,20
119,141,4
119,142,2
119,143,6
119,144,10
119,145,11
119,146,1
119,147,11
119,148,20
119,149,6
119,150,16
119,151,9
119,153,4
119,154,16
119,156,19
119,157,7
119,158,12
119,159,10
119,160,8
119,161,9
119,162,8
119,164,11
119,165,15
119,167,19
119,168,3
119,169,7
119,170,16
119,171,11
119,172,17
119,173,9
119,174,17
119,175,17
119,176,2
119,177,3
119,178,6
119,179,13
120,121,14
120,123,14
120,124,8
120,126,15
120,127,7
120,128,9
120,129,12
120,130,13
120,131,12
120,133,12
120,135,15
120,137,10
120,138,18
120,142,15
120,143,5
120,144,12
120,145,3
120,147,16
120,148,13
120,149,10
120,151,1
120,152,3
120,153,7
120,155,5
120,156,16
120,157,17
120,158,18
120,159,8
120,161,9
120,162,17
120,163,3
120,164,9
120,165,3
120,166,2
120,167,14
120,168,12
120,169,18
120,170,5
120,171,2
120,174,6
120,175,16
120,176,16
120,177,10
120,179,4
121,123,18
121,124,3
121,126,12
121,127,11
121,129,3
121,130,7
121,131,10
121,132,4
121,134,11
121,135,8
121,136,14
121,137,10
121,138,17
121,139,2
121,140,9
121,141,10
121,142,14
121,143,6
121,144,13
121,145,18
121,146,12
121,147,18
121,150,11
121,151,1
121,152,15
121,153,17
121,154,13
121,155,12
121,156,3
121,157,17
121,158,6
121,159,12
121,160,1
121,161,8
121,162,4
121,164,12
121,165,1
121,167,17
121,168,10
121,169,13
121,170,6
121,171,3
121,172,8
121,174,5
121,175,14
121,176,1
121,177,17
121,178,7
121,179,5
122,124,6
122,125,20
122,126,19
122,127,20
122,128,6
122,129,8
122,130,20
122,132,8
122,134,13
122,135,18
122,136,5
122,137,17
122,138,15
122,139,11
122,140,6
122,141,9
122,142,12
122,143,8
122,145,2
122,146,17
122,147,8
122,148,4
122,149,7
122,151,19
122,153,1
122,154,13
122,155,18
122,156,11
122,157,18
122,158,4
122,160,12
122,161,14
122,162,16
122,163,18
122,164,14
122,165,16
122,166,4
122,168,14
122,171,6
122,173,9
122,174,2
122,175,17
122,177,11
122,179,15
123,124,1
123,125,12
123,126,19
123,127,14
123,129,10
123,131,15
123,132,8
123,136,4
123,137,20
123,138,1
123,139,3
123,141,16
123,142,18
123,143,17
123,144,12
123,145,16
123,146,19
123,149,19
123,150,16
123,152,9
123,154,16
123,155,15
123,156,5
123,157,3
123,158,9
123,159,10
123,160,5
123,162,5
123,163,10
123,165,5
123,166,16
123,168,3
123,169,6
123,170,12
123,171,4
123,172,9
123,173,17
123,175,17
123,176,6
124,125,12
124,127,19
124,129,14
124,130,8
124,131,7
124,133,7
124,134,19
124,135,14
124,136,18
124,137,16
124,139,12
124,140,2
124,141,18
124,142,7
124,143,19
124,144,5
124,145,18
124,146,4
124,147,2
124,148,16
124,149,13
124,150,16
124,153,10
124,154,15
124,155,19
124,156,9
124,158,7
124,159,15
124,161,18
124,162,4
124,163,14
124,164,17
124,165,1
124,166,7
124,167,12
124,168,16
124,169,17
124,170,20
124,171,10
124,172,8
124,173,7
124,174,12
124,175,3
124,176,3
124,177,4
124,178,5
124,179,13
125,126,14
125,128,19
125,129,13
125,131,13
125,132,6
125,133,11
125,134,5
125,135,3
125,136,10
125,137,3
125,138,7
125,139,19
125,140,15
125,141,17
125,143,4
125,144,8
125,145,7
125,146,17
125,147,19
125,148,15
125,149,8
125,150,2
125,151,4
125,153,2
125,154,11
125,155,18
125,156,6
125,157,7
125,158,3
125,159,4
125,161,11
125,162,3
125,163,7
125,164,15
125,165,18
125,166,11
125,169,1
125,170,16
125,171,5
125,173,13
125,174,9
125,175,11
125,176,14
125,177,15
125,178,12
126,127,1
126,128,3
126,129,2
126,130,9
126,131,8
126,132,7
126,133,13
126,134,11
126,136,5
126,137,1
126,138,11
126,139,4
126,141,13
126,143,11
126,144,15
126,147,17
126,148,17
126,149,10
126,150,6
126,151,5
126,152,17
126,153,12
126,154,9
126,155,18
126,157,20
126,158,17
126,159,17
126,160,15
126,161,4
126,162,1
126,163,1
126,164,8
126,165,20
126,166,16
126,167,8
126,168,1
126,169,5
126,170,4
126,171,19
126,172,2
126,173,18
126,174,1
126,175,12
126,176,2
126,177,13
126,178,4
126,179,16
127,128,11
127,129,1
127,130,19
127,131,1
127,133,17
127,134,17
127,135,18
127,136,5
127,137,4
127,138,8
127,140,16
127,141,16
127,142,15
127,143,19
127,144,14
127,146,17
127,147,9
127,148,16
127,149,12
127,150,8
127,151,19
127,154,17
127,155,11
127,156,12
127,157,20
127,158,20
127,159,1
127,160,1
127,161,17
127,163,20
127,165,12
127,166,14
127,167,1
127,168,3
127,169,2
127,170,16
127,171,20
127,172,3
127,174,3
127,175,3
127,176,4
127,177,16
127,179,18
128,129,7
128,131,2
128,132,7
128,133,18
128,134,4
128,135,16
128,136,8
128,138,12
128,139,8
128,140,7
128,142,16
128,143,8
128,144,9
128,145,3
128,146,13
128,147,3
128,148,7
128,149,19
128,150,3
128,151,14
128,152,5
128,153,8
128,154,11
128,155,20
128,156,8
128,157,16
128,158,9
128,159,7
128,160,4
128,161,15
128,162,12
128,163,11
128,164,19
128,165,8
128,166,6
128,167,16
128,168,3
128,169,14
128,171,1
128,172,16
128,173,13
128,174,12
128,175,14
128,176,14
128,177,1
128,178,6
128,179,15
129,130,3
129,131,20
129,132,17
129,134,14
129,136,15
129,137,8
129,138,10
129,140,19
129,141,4
129,142,20
129,143,13
129,145,17
129,146,19
129,147,1
129,148,10
129,149,8
129,150,8
129,151,5
129,152,16
129,153,14
129,154,15
129,155,19
129,159,19
129,160,7
129,163,5
129,164,16
129,167,10
129,168,7
129,169,1
129,170,16
129,171,13
129,172,11
129,173,3
129,174,15
129,176,1
129,178,4
129,179,6
130,131,14
130,132,2
130,133,18
130,134,6
130,135,17
130,136,9
130,137,20
130,138,9
130,139,12
130,140,5
130,143,15
130,145,4
130,146,13
130,147,10
130,148,12
130,149,20
130,151,5
130,153,18
130,154,14
130,155,5
130,156,15
130,157,20
130,158,1
130,159,20
130,160,6
130,161,19
130,163,4
130,164,19
130,165,20
130,166,13
130,167,6
130,168,5
130,170,19
130,171,19
130,174,17
130,176,12
130,177,14
130,178,15
130,179,7
131,132,19
131,133,6
131,134,14
131,136,5
131,137,13
131,139,1
131,144,11
131,145,8
131,146,17
131,147,4
131,148,5
131,149,2
131,150,20
131,151,11
131,152,3
131,153,1
131,154,4
131,155,19
131,157,19
131,158,12
131,159,13
131,160,18
131,161,10
131,162,4
131,163,19
131,164,12
131,165,7
131,166,20
131,167,7
131,168,2
131,169,7
131,171,3
131,172,12
131,173,14
131,174,13
131,175,5
131,176,8
131,177,20
131,178,2
131,179,20
132,133,2
132,134,6
132,135,17
132,137,4
132,138,13
132,139,8
132,140,5
132,142,2
132,144,8
132,146,2
132,147,15
132,148,7
132,150,5
132,151,12
132,152,19
132,154,11
132,155,6
132,156,6
132,159,9
132,161,14
132,162,7
132,163,2
132,164,6
132,165,14
132,166,3
132,167,15
132,169,18
132,170,17
132,171,17
132,172,5
132,173,2
132,174,6
132,175,12
132,176,2
132,177,9
132,178,14
133,134,3
133,135,15
133,136,14
133,137,4
133,139,5
133,140,2
133,141,17
133,143,8
133,144,9
133,145,19
133,146,2
133,147,20
133,148,15
133,150,20
133,151,18
133,152,16
133,153,18
133,154,1
133,155,9
133,156,5
133,157,16
133,158,7
133,159,6
133,160,1
133,161,20
133,162,3
133,163,1
133,164,9
133,167,13
133,168,13
133,169,9
133,170,8
133,172,14
133,173,16
133,174,8
133,175,18
133,176,7
133,177,1
133,179,15
134,135,13
134,136,15
134,137,7
134,138,7
134,139,2
134,140,10
134,141,18
134,142,12
134,143,3
134,147,20
134,148,14
134,149,9
134,150,14
134,151,12
134,152,9
134,153,10
134,155,17
134,156,1
134,157,19
134,158,19
134,159,3
134,160,16
134,162,11
134,163,13
134,164,7
134,165,16
134,166,4
134,169,6
134,170,17
134,171,3
134,172,20
134,173,2
134,174,20
134,175,3
134,176,15
134,177,11
134,178,5
134,179,10
135,137,10
135,138,14
135,140,5
135,141,14
135,142,6
135,143,6
135,146,5
135,148,11
135,149,5
135,152,11
135,153,1
135,154,18
135,156,5
135,158,2
135,160,4
135,161,2
135,162,7
135,164,6
135,165,12
135,166,2
135,167,9
135,168,5
135,169,9
135,170,8
135,171,13
135,173,9
135,174,14
135,175,1
135,176,7
135,177,17
135,178,4
135,179,15
136,137,20
136,138,5
136,139,4
136,140,6
136,141,3
136,142,18
136,144,10
136,146,10
136,147,2
136,148,10
136,149,1
136,150,11
136,153,17
136,155,1
136,156,5
136,157,4
136,158,16
136,159,7
136,160,4
136,161,7
136,162,5
136,164,8
136,165,10
136,166,8
136,167,9
136,168,2
136,169,7
136,171,2
136,172,20
136,173,16
136,175,19
136,177,19
136,178,19
136,179,4
137,138,4
137,139,15
137,140,15
137,141,2
137,143,17
137,144,9
137,145,2
137,146,8
137,147,6
137,148,8
137,149,18
137,150,6
137,151,17
137,152,16
137,153,9
137,154,9
137,155,6
137,156,16
137,157,14
137,158,5
137,159,11
137,160,20
137,162,6
137,163,13
137,164,1
137,165,10
137,166,18
137,167,3
137,168,10
137,170,1
137,171,13
137,172,5
137,173,8
137,175,15
137,177,5
137,178,12
137,179,1
138,140,19
138,141,8
138,146,9
138,147,8
138,149,11
138,150,2
138,151,13
138,152,3
138,153,9
138,154,15
138,155,4
138,156,2
138,157,20
138,158,8
138,159,17
138,160,15
138,161,12
138,162,16
138,163,2
138,164,7
138,165,14
138,166,5
138,167,7
138,168,18
138,169,18
138,170,5
138,171,2
138,172,19
138,173,20
138,176,16
138,177,6
138,179,20
139,143,6
139,144,8
139,146,12
139,147,20
139,148,7
139,149,8
139,150,10
139,151,2
139,152,1
139,153,7
139,154,8
139,155,1
139,156,17
139,157,1
139,158,4
139,159,9
139,160,7
139,161,1
139,162,3
139,164,8
139,165,4
139,166,9
139,167,1
139,168,18
139,170,1
139,171,16
139,172,4
139,173,16
139,174,9
139,175,7
139,176,19
139,177,8
139,178,4
139,179,8
140,141,12
140,142,13
140,144,19
140,146,9
140,147,5
140,149,18
140,150,19
140,151,6
140,152,2
140,153,11
140,154,17
140,155,16
140,157,17
140,158,20
140,159,14
140,160,13
140,161,1
140,162,19
140,163,14
140,164,7
140,165,6
140,167,8
140,169,2
140,170,17
140,171,20
140,172,20
140,173,18
140,174,14
140,175,19
140,176,2
140,177,4
140,178,15
140,179,2
141,142,7
141,144,13
141,145,6
141,146,8
141,147,19
141,148,11
141,149,20
141,150,6
141,151,17
141,152,16
141,154,16
141,155,7
141,156,16
141,157,16
141,161,4
141,163,12
141,164,19
141,165,4
141,166,4
141,167,20
141,168,6
141,169,13
141,170,9
141,171,3
141,172,19
141,173,20
141,174,2
141,175,1
141,176,11
141,177,13
141,178,8
141,179,8
142,144,10
142,145,1
142,147,16
142,148,2
142,149,2
142,150,16
142,151,18
142,152,7
142,153,1
142,154,7
142,155,16
142,156,5
142,158,4
142,159,12
142,163,17
142,164,5
142,167,5
142,168,14
142,169,3
142,171,3
142,172,7
142,173,7
142,174,18
142,175,3
142,177,20
142,178,5
142,179,1
143,144,5
143,145,18
143,146,11
143,147,15
143,149,11
143,150,1
143,151,11
143,152,9
143,154,12
143,155,4
143,157,8
143,158,8
143,159,6
143,160,2
143,161,9
143,162,7
143,164,9
143,169,15
143,170,14
143,171,10
143,172,8
143,174,1
143,175,18
143,179,7
144,145,5
144,146,6
144,148,17
144,150,17
144,152,20
144,153,10
144,154,12
144,155,15
144,156,15
144,157,15
144,158,3
144,159,6
144,160,10
144,161,2
144,162,12
144,163,16
144,164,6
144,165,16
144,166,6
144,167,19
144,169,6
144,171,12
144,172,13
144,173,7
144,174,12
144,175,4
144,176,5
144,177,7
144,178,2
144,179,13
145,146,12
145,148,5
145,149,19
145,150,8
145,151,13
145,152,9
145,153,6
145,154,8
145,155,3
145,156,4
145,157,1
145,161,2
145,162,8
145,163,1
145,164,2
145,165,6
145,166,15
145,167,8
145,168,2
145,170,6
145,171,16
145,172,7
145,173,19
145,174,3
145,176,1
145,177,20
145,179,15
146,147,17
146,148,14
146,149,6
146,150,19
146,151,6
146,152,11
146,153,20
146,155,13
146,156,16
146,157,3
146,158,13
146,159,7
146,160,13
146,162,7
146,163,5
146,164,18
146,165,2
146,167,14
146,169,2
146,170,2
146,171,9
146,172,6
146,173,8
146,174,14
146,175,18
146,177,8
146,178,9
146,179,16
147,149,13
147,150,9
147,152,15
147,153,17
147,154,15
147,156,12
147,157,19
147,159,12
147,160,17
147,161,16
147,162,2
147,163,13
147,165,11
147,167,3
147,168,9
147,169,17
147,171,16
147,172,16
147,173,12
147,175,17
147,176,8
147,177,11
147,178,5
147,179,6
148,149,13
148,150,12
148,151,17
148,152,6
148,153,14
148,154,3
148,155,18
148,157,1
148,158,19
148,159,2
148,160,11
148,162,10
148,163,15
148,165,6
148,167,9
148,168,11
148,169,7
148,170,12
148,171,4
148,172,15
148,173,19
148,174,4
148,175,1
148,176,17
148,177,15
148,178,12
148,179,20
149,152,16
149,153,19
149,154,12
149,155,6
149,156,18
149,158,16
149,159,11
149,160,1
149,161,8
149,162,10
149,163,12
149,164,3
149,165,6
149,169,5
149,170,10
149,171,14
149,172,7
149,173,4
149,174,8
149,176,3
149,177,6
149,178,6
150,151,20
150,152,17
150,154,7
150,155,15
150,156,7
150,157,13
150,158,17
150,159,19
150,161,1
150,162,16
150,163,7
150,164,6
150,165,5
150,166,3
150,167,8
150,168,4
150,169,1
150,170,15
150,171,15
150,172,8
150,174,19
150,175,5
150,176,17
150,177,2
150,178,4
151,152,19
151,153,3
151,156,6
151,157,8
151,158,17
151,159,9
151,160,7
151,161,20
151,162,7
151,163,3
151,165,12
151,166,15
151,167,7
151,169,15
151,171,13
151,172,12
151,173,8
151,174,20
151,175,14
151,176,11
151,177,18
151,178,13
151,179,7
152,153,11
152,154,11
152,156,8
152,157,11
152,159,13
152,160,16
152,162,2
152,163,16
152,164,4
152,165,5
152,166,7
152,167,2
152,169,4
152,170,12
152,171,7
152,172,17
152,173,5
152,174,6
152,175,3
152,176,5
152,177,18
152,178,9
152,179,18
153,155,13
153,156,3
153,157,17
153,158,2
153,159,5
153,160,19
153,161,20
153,163,6
153,164,7
153,165,11
153,166,19
153,167,11
153,168,6
153,169,20
153,170,9
153,171,8
153,172,4
153,173,17
153,174,9
153,175,11
153,177,15
153,178,9
153,179,5
154,155,15
154,157,15
154,158,6
154,159,20
154,160,17
154,161,12
154,162,2
154,165,20
154,166,8
154,167,2
154,169,5
154,170,9
154,171,4
154,172,1
154,173,5
154,175,17
154,178,2
154,179,13
155,157,16
155,158,1
155,159,13
155,160,12
155,161,16
155,162,20
155,163,9
155,164,6
155,165,16
155,167,3
155,168,16
155,169,3
155,171,1
155,172,20
155,173,2
155,174,18
155,175,5
155,176,17
155,177,13
155,179,4
156,157,5
156,158,5
156,159,2
156,161,13
156,162,1
156,164,19
156,166,20
156,167,2
156,168,3
156,169,20
156,171,18
156,173,13
156,174,3
156,175,11
156,176,13
156,178,8
157,158,13
157,159,13
157,160,20
157,161,15
157,162,19
157,163,7
157,165,16
157,166,19
157,168,9
157,169,12
157,170,4
157,171,8
157,172,8
157,173,5
157,174,1
157,175,14
157,177,20
157,178,20
157,179,2
158,159,18
158,160,1
158,162,9
158,163,20
158,164,14
158,165,6
158,166,11
158,167,20
158,169,3
158,170,1
158,172,20
158,173,16
158,174,15
158,175,17
158,177,13
158,178,13
158,179,10
159,160,19
159,161,10
159,162,17
159,163,19
159,165,19
159,166,13
159,167,14
159,168,19
159,169,4
159,170,8
159,172,17
159,173,7
159,176,7
159,177,4
159,178,10
159,179,9
160,161,15
160,162,13
160,163,11
160,164,18
160,165,3
160,166,7
160,167,10
160,168,5
160,169,17
160,171,1
160,172,20
160,174,6
160,176,6
160,177,9
160,178,7
160,179,10
161,164,12
161,165,7
161,167,11
161,168,6
161,169,16
161,170,20
161,171,20
161,172,4
161,173,19
161,174,13
161,177,10
161,178,14
161,179,2
162,163,18
162,164,4
162,166,20
162,167,3
162,168,8
162,169,9
162,171,17
162,172,10
162,173,10
162,174,20
162,175,3
162,176,17
162,177,20
162,179,4
163,166,1
163,167,4
163,168,9
163,169,10
163,170,20
163,171,1
163,172,11
163,173,6
163,174,17
163,175,17
163,176,18
163,177,12
163,178,1
163,179,20
164,165,7
164,166,8
164,169,15
164,170,8
164,171,20
164,172,15
164,173,9
164,175,1
164,176,14
164,177,11
164,178,9
164,179,5
165,166,18
165,167,9
165,168,17
165,170,13
165,171,20
165,175,8
165,176,4
165,177,8
165,178,1
166,167,13
166,169,4
166,171,19
166,173,3
166,174,4
166,175,12
166,176,10
166,177,18
166,178,2
167,168,10
167,169,15
167,170,14
167,172,20
167,173,5
167,174,18
167,176,15
167,177,10
167,178,11
167,179,10
168,170,11
168,171,8
168,172,5
168,174,7
168,175,15
168,178,4
169,170,9
169,171,7
169,173,19
169,175,16
169,177,2
169,178,16
169,179,15
170,171,4
170,172,1
170,174,12
170,175,1
170,176,4
170,177,1
170,178,14
171,172,4
171,173,14
171,175,6
171,176,7
171,177,14
171,178,15
171,179,17
172,173,17
172,174,17
172,175,4
172,176,9
172,177,13
172,178,13
172,179,6
173,174,14
173,175,4
173,177,20
173,178,16
174,175,11
174,176,13
174,177,20
174,178,7
175,176,3
175,177,20
175,178,2
175,179,20
176,177,2
176,178,16
176,179,2
177,179,13
178,179,2
