0,2,8
0,5,11
0,6,10
0,9,3
0,12,4
0,14,20
0,18,1
0,20,19
0,22,14
0,23,13
0,24,5
0,29,7
0,30,17
0,32,12
0,33,7
0,36,17
0,39,8
0,40,10
0,41,3
0,42,11
0,43,6
0,46,4
0,47,5
0,50,7
0,53,16
0,57,16
0,63,5
0,64,19
0,65,13
0,66,8
0,70,20
0,72,13
0,73,2
0,77,4
0,79,12
0,84,19
0,85,12
0,87,12
0,93,13
0,95,11
0,105,5
0,106,20
0,107,13
0,108,10
0,109,14
0,111,8
0,112,13
0,113,9
0,115,15
0,116,5
0,117,10
0,119,17
0,124,18
0,126,3
0,128,15
0,129,4
1,4,5
1,7,5
1,9,6
1,14,16
1,17,12
1,18,15
1,19,7
1,20,15
1,24,2
1,27,4
1,28,15
1,29,13
1,31,1
1,32,13
1,37,8
1,38,15
1,39,19
1,41,17
1,42,20
1,47,6
1,51,14
1,54,4
1,55,12
1,58,18
1,62,15
1,63,6
1,64,17
1,66,4
1,68,6
1,70,4
1,71,14
1,73,13
1,74,5
1,83,4
1,88,6
1,89,10
1,90,19
1,98,20
1,99,13
1,100,1
1,105,17
1,107,20
1,112,15
1,113,16
1,117,17
1,118,6
1,120,5
1,121,19
1,122,20
1,126,16
1,128,4
2,6,2
2,8,2
2,9,15
2,11,14
2,13,10
2,14,15
2,18,5
2,24,19
2,25,10
2,29,18
2,30,1
2,34,18
2,35,14
2,36,3
2,38,14
2,40,13
2,41,14
2,43,11
2,45,13
2,48,5
2,56,6
2,58,1
2,59,14
2,65,1
2,70,11
2,72,2
2,73,6
2,74,12
2,75,11
2,77,14
2,82,11
2,84,14
2,86,13
2,87,6
2,96,10
2,97,15
2,98,6
2,99,14
2,100,18
2,106,17
2,110,5
2,116,17
2,117,7
2,118,7
2,119,3
2,120,2
2,123,2
2,124,14
2,125,14
2,126,10
2,128,19
3,10,16
3,20,9
3,23,13
3,25,6
3,28,3
3,30,10
3,31,17
3,34,11
3,36,20
3,40,6
3,49,14
3,51,3
3,54,18
3,60,19
3,64,20
3,66,7
3,74,14
3,75,16
3,76,15
3,77,14
3,79,13
3,82,19
3,86,8
3,88,11
3,89,9
3,90,19
3,91,7
3,98,5
3,103,1
3,104,9
3,108,3
3,111,3
3,113,20
3,116,3
3,118,1
3,127,14
3,129,10
4,5,4
4,6,7
4,15,7
4,20,14
4,23,9
4,24,17
4,25,20
4,29,12
4,37,16
4,38,20
4,39,12
4,40,8
4,49,10
4,52,17
4,55,19
4,56,14
4,57,18
4,63,18
4,65,1
4,66,4
4,68,20
4,69,16
4,71,9
4,73,14
4,75,13
4,76,2
4,81,18
4,82,6
4,84,9
4,86,6
4,87,19
4,89,10
4,90,1
4,92,11
4,97,18
4,98,16
4,101,4
4,104,8
4,108,19
4,109,6
4,111,3
4,113,14
4,121,18
4,123,6
4,124,9
4,127,5
5,6,1
5,22,3
5,28,4
5,29,15
5,31,12
5,33,2
5,37,5
5,38,14
5,39,16
5,40,3
5,42,8
5,44,8
5,45,4
5,46,19
5,48,20
5,50,9
5,52,5
5,57,3
5,58,13
5,59,3
5,64,7
5,68,14
5,69,5
5,70,20
5,71,3
5,84,20
5,88,5
5,90,20
5,91,13
5,94,4
5,96,6
5,98,2
5,100,18
5,102,12
5,103,17
5,104,10
5,107,4
5,109,8
5,111,14
5,112,8
5,113,11
5,114,6
5,115,18
5,121,7
5,128,12
5,129,17
6,7,20
6,8,2
6,10,1
6,11,14
6,14,5
6,16,15
6,17,13
6,20,17
6,24,13
6,26,13
6,27,13
6,28,12
6,30,13
6,31,19
6,32,8
6,33,9
6,34,16
6,35,16
6,36,7
6,41,4
6,50,1
6,51,13
6,53,6
6,54,12
6,55,4
6,57,7
6,64,14
6,72,4
6,73,14
6,75,15
6,77,8
6,78,8
6,86,15
6,87,19
6,89,20
6,92,12
6,94,8
6,97,4
6,98,16
6,103,17
6,115,13
6,121,15
6,125,19
6,128,19
7,8,12
7,10,16
7,15,14
7,18,8
7,19,17
7,21,7
7,26,19
7,31,7
7,33,1
7,39,17
7,40,7
7,41,8
7,45,10
7,50,3
7,52,17
7,53,5
7,57,1
7,60,16
7,62,11
7,66,18
7,70,7
7,71,20
7,72,11
7,73,10
7,77,14
7,80,20
7,81,14
7,83,11
7,84,15
7,90,17
7,91,16
7,95,20
7,96,8
7,98,15
7,99,7
7,100,9
7,102,12
7,106,4
7,108,15
7,109,2
7,110,4
7,111,11
7,116,10
7,117,12
7,118,2
7,119,8
7,121,2
7,124,9
7,125,20
7,126,3
7,127,15
7,129,7
8,10,13
8,14,1
8,15,4
8,17,11
8,20,7
8,22,2
8,23,19
8,25,17
8,26,3
8,31,8
8,32,5
8,34,5
8,36,13
8,41,20
8,43,4
8,46,6
8,47,13
8,49,7
8,53,18
8,54,17
8,55,16
8,56,11
8,65,19
8,67,3
8,68,1
8,69,17
8,71,14
8,76,12
8,77,18
8,84,14
8,87,16
8,88,7
8,89,5
8,90,20
8,93,15
8,97,11
8,100,15
8,106,13
8,107,18
8,108,17
8,115,3
8,116,17
8,125,14
8,126,18
8,128,14
8,129,12
9,15,12
9,16,13
9,18,20
9,23,4
9,26,19
9,29,14
9,32,14
9,33,5
9,39,3
9,41,4
9,42,1
9,43,9
9,44,14
9,52,11
9,53,7
9,55,13
9,57,12
9,59,17
9,61,5
9,64,1
9,65,4
9,69,3
9,74,12
9,81,19
9,84,8
9,86,4
9,88,12
9,89,19
9,94,14
9,95,11
9,99,4
9,100,18
9,104,11
9,106,19
9,107,12
9,109,15
9,115,17
9,119,16
9,122,4
9,125,15
9,129,16
10,11,18
10,14,5
10,15,11
10,16,13
10,17,10
10,19,1
10,20,11
10,21,6
10,24,4
10,26,16
10,27,14
10,30,17
10,33,11
10,37,18
10,38,2
10,40,14
10,42,6
10,43,17
10,44,11
10,45,20
10,46,14
10,48,3
10,52,11
10,56,10
10,57,8
10,58,9
10,59,18
10,60,9
10,65,10
10,68,3
10,69,5
10,72,2
10,73,13
10,74,12
10,78,14
10,79,19
10,80,7
10,82,14
10,88,8
10,89,9
10,92,8
10,93,11
10,95,14
10,96,16
10,98,8
10,99,8
10,100,2
10,102,5
10,106,1
10,108,2
10,112,1
10,113,13
10,116,3
10,120,8
10,122,6
11,12,16
11,14,6
11,15,20
11,16,5
11,18,20
11,20,13
11,21,5
11,23,16
11,25,14
11,33,15
11,35,14
11,36,18
11,38,3
11,41,13
11,43,12
11,45,2
11,47,18
11,50,16
11,56,8
11,63,12
11,66,19
11,68,10
11,76,2
11,77,11
11,78,12
11,83,10
11,86,14
11,87,8
11,88,4
11,89,7
11,95,14
11,97,1
11,98,2
11,101,15
11,102,16
11,107,4
11,108,2
11,111,9
11,113,4
11,115,17
11,116,8
11,117,19
11,119,4
11,120,16
11,124,13
11,125,1
12,13,15
12,15,15
12,17,5
12,19,10
12,20,14
12,21,3
12,23,9
12,24,6
12,25,16
12,26,18
12,29,14
12,30,15
12,32,18
12,33,16
12,36,17
12,37,2
12,38,11
12,39,1
12,43,10
12,46,16
12,49,3
12,50,20
12,51,2
12,52,16
12,54,3
12,56,18
12,57,12
12,58,5
12,61,20
12,63,9
12,65,3
12,66,10
12,68,7
12,69,11
12,73,5
12,74,2
12,81,8
12,82,2
12,87,9
12,88,20
12,89,5
12,91,9
12,94,20
12,95,2
12,97,12
12,99,5
12,101,9
12,104,10
12,105,13
12,107,8
12,112,17
12,116,7
12,118,20
12,122,3
12,123,11
12,126,3
12,127,14
12,129,14
13,14,19
13,18,2
13,23,5
13,25,16
13,27,20
13,28,14
13,29,8
13,30,16
13,31,12
13,33,3
13,35,15
13,36,18
13,37,1
13,38,1
13,39,19
13,42,19
13,43,8
13,47,8
13,50,17
13,55,13
13,58,8
13,61,14
13,63,17
13,70,13
13,72,17
13,74,5
13,78,1
13,82,15
13,83,15
13,90,19
13,94,2
13,106,10
13,108,10
13,109,2
13,110,5
13,116,16
13,117,15
13,121,14
13,122,18
13,123,6
13,125,11
13,127,1
13,129,9
14,15,5
14,16,10
14,18,15
14,20,14
14,26,18
14,27,15
14,28,16
14,30,17
14,31,13
14,32,14
14,34,2
14,35,8
14,41,14
14,43,16
14,44,20
14,46,7
14,49,9
14,53,5
14,56,20
14,57,10
14,58,1
14,62,15
14,70,15
14,71,15
14,75,1
14,76,5
14,82,7
14,83,9
14,89,15
14,93,16
14,96,14
14,102,11
14,103,2
14,106,10
14,109,6
14,112,11
14,113,4
14,115,10
14,116,10
14,118,12
14,119,5
14,121,4
14,123,2
14,125,17
14,127,5
15,18,2
15,19,13
15,21,14
15,22,4
15,27,6
15,28,7
15,29,17
15,32,20
15,35,9
15,38,15
15,42,5
15,45,15
15,48,7
15,52,19
15,54,11
15,57,18
15,58,4
15,67,4
15,69,10
15,70,19
15,77,12
15,78,3
15,80,11
15,93,14
15,94,19
15,96,2
15,99,15
15,102,14
15,106,14
15,115,11
15,119,5
15,120,17
15,123,8
15,124,17
15,129,8
16,21,2
16,22,12
16,26,17
16,27,16
16,30,4
16,32,14
16,34,19
16,35,7
16,36,20
16,38,11
16,41,16
16,46,8
16,47,7
16,52,19
16,55,17
16,56,18
16,58,11
16,64,13
16,67,2
16,69,5
16,70,4
16,75,13
16,78,4
16,80,15
16,86,6
16,88,9
16,89,15
16,93,10
16,98,8
16,102,15
16,103,12
16,105,11
16,106,13
16,112,8
16,116,14
16,117,1
16,119,1
16,120,17
16,122,8
16,128,4
17,19,3
17,23,18
17,24,16
17,29,17
17,33,13
17,35,19
17,36,7
17,38,13
17,39,4
17,41,1
17,52,14
17,53,4
17,55,19
17,56,3
17,58,18
17,61,18
17,63,7
17,66,19
17,67,18
17,69,13
17,70,4
17,73,12
17,74,15
17,78,8
17,79,11
17,81,3
17,82,18
17,86,12
17,88,17
17,89,9
17,90,16
17,91,8
17,92,20
17,93,9
17,98,14
17,99,6
17,100,16
17,101,8
17,102,9
17,111,20
17,112,16
17,115,19
17,121,10
17,123,16
17,124,17
17,126,20
17,127,9
18,19,6
18,25,11
18,27,4
18,29,13
18,31,7
18,32,18
18,33,16
18,34,16
18,35,13
18,38,9
18,42,20
18,43,15
18,45,16
18,48,3
18,50,20
18,52,19
18,54,10
18,55,1
18,58,7
18,60,4
18,62,14
18,64,16
18,66,7
18,68,18
18,75,20
18,81,7
18,84,4
18,86,15
18,89,11
18,90,16
18,91,18
18,92,6
18,96,10
18,97,11
18,98,12
18,99,14
18,100,7
18,101,13
18,104,18
18,105,7
18,106,3
18,107,11
18,109,10
18,113,7
18,114,16
18,116,14
18,117,8
18,119,5
18,120,9
18,121,1
18,122,9
18,126,12
18,127,14
19,21,5
19,24,20
19,26,8
19,29,19
19,32,9
19,33,7
19,34,7
19,38,13
19,42,6
19,43,3
19,44,4
19,48,10
19,49,20
19,50,13
19,52,6
19,55,4
19,61,19
19,62,2
19,68,16
19,69,1
19,76,10
19,79,19
19,80,4
19,84,12
19,85,11
19,88,6
19,90,14
19,95,4
19,96,11
19,98,9
19,99,1
19,100,20
19,101,2
19,103,10
19,104,18
19,106,4
19,107,18
19,108,14
19,109,10
19,113,6
19,114,20
19,122,10
19,124,18
19,127,18
20,21,6
20,26,13
20,27,5
20,30,8
20,31,14
20,35,3
20,38,9
20,41,9
20,43,5
20,46,20
20,48,16
20,49,9
20,51,15
20,52,1
20,53,6
20,55,7
20,57,8
20,58,1
20,60,19
20,62,2
20,65,9
20,66,10
20,72,10
20,73,7
20,75,13
20,76,6
20,77,4
20,80,10
20,81,6
20,83,20
20,86,16
20,89,17
20,92,11
20,99,19
20,101,20
20,103,13
20,104,14
20,105,13
20,106,15
20,107,3
20,110,9
20,113,14
20,114,17
20,116,13
20,117,11
20,118,17
20,120,14
20,122,1
20,124,6
20,126,11
20,127,3
20,128,5
21,22,16
21,24,14
21,28,16
21,29,13
21,30,14
21,31,5
21,32,15
21,34,16
21,35,10
21,36,20
21,37,9
21,38,4
21,44,7
21,45,15
21,46,12
21,51,5
21,54,15
21,56,15
21,57,8
21,59,3
21,62,3
21,63,19
21,65,14
21,68,15
21,73,8
21,75,18
21,79,20
21,81,4
21,82,14
21,84,8
21,85,16
21,86,10
21,88,18
21,89,6
21,94,20
21,95,6
21,97,19
21,98,7
21,103,14
21,107,11
21,108,5
21,110,10
21,111,11
21,114,12
21,115,12
21,117,3
21,120,11
21,121,10
21,122,8
21,124,18
21,125,12
21,126,2
21,127,17
21,129,14
22,23,12
22,30,6
22,31,11
22,32,6
22,34,17
22,35,15
22,39,14
22,40,11
22,42,18
22,47,13
22,49,14
22,50,11
22,51,19
22,53,19
22,63,2
22,64,10
22,65,8
22,66,12
22,68,4
22,70,15
22,75,14
22,77,14
22,80,2
22,81,10
22,83,13
22,84,12
22,85,3
22,87,14
22,88,19
22,94,17
22,96,16
22,99,9
22,101,13
22,105,20
22,107,20
22,109,9
22,114,1
22,115,6
22,117,3
22,122,2
22,123,14
22,124,11
22,127,1
22,128,8
22,129,13
23,26,20
23,28,15
23,29,1
23,31,19
23,34,12
23,35,17
23,36,3
23,37,17
23,38,14
23,39,13
23,40,6
23,41,16
23,42,20
23,47,9
23,49,8
23,54,18
23,55,4
23,57,4
23,58,3
23,60,7
23,61,4
23,63,5
23,64,14
23,66,5
23,67,17
23,74,9
23,77,4
23,78,6
23,81,20
23,82,12
23,87,16
23,89,2
23,91,15
23,92,5
23,93,4
23,96,1
23,97,16
23,102,14
23,105,11
23,113,16
23,114,10
23,115,1
23,116,2
23,117,16
23,118,11
23,119,14
23,123,14
23,129,15
24,28,17
24,30,18
24,32,18
24,33,9
24,34,17
24,35,20
24,36,19
24,37,13
24,40,14
24,43,12
24,44,18
24,45,18
24,46,17
24,47,14
24,48,16
24,50,20
24,53,12
24,55,2
24,61,12
24,62,4
24,65,9
24,70,19
24,73,9
24,74,13
24,81,18
24,82,5
24,83,9
24,88,9
24,89,15
24,92,14
24,94,17
24,97,1
24,100,9
24,103,17
24,104,5
24,111,2
24,113,13
24,117,3
24,118,18
24,119,12
24,125,2
24,126,10
24,127,19
25,27,14
25,28,4
25,29,2
25,30,11
25,33,7
25,35,10
25,37,5
25,39,17
25,43,14
25,44,10
25,49,16
25,55,2
25,56,6
25,57,2
25,58,5
25,59,2
25,60,3
25,62,4
25,63,1
25,65,7
25,68,5
25,70,12
25,71,13
25,73,2
25,74,9
25,76,13
25,77,9
25,78,11
25,81,17
25,82,20
25,83,15
25,85,20
25,86,4
25,87,8
25,88,17
25,89,7
25,98,5
25,100,11
25,107,19
25,109,11
25,110,14
25,115,10
25,116,11
25,120,18
25,124,12
25,125,17
26,27,18
26,28,1
26,29,15
26,30,11
26,32,7
26,33,3
26,37,18
26,38,19
26,41,8
26,42,6
26,44,12
26,47,19
26,51,13
26,53,1
26,60,8
26,61,4
26,63,12
26,65,19
26,67,14
26,68,7
26,71,4
26,72,17
26,74,8
26,75,11
26,76,13
26,79,7
26,80,9
26,84,15
26,86,19
26,90,19
26,94,15
26,96,6
26,97,11
26,103,2
26,106,10
26,107,16
26,117,1
26,120,14
26,121,2
26,122,18
26,123,16
27,33,7
27,34,18
27,43,2
27,44,7
27,45,14
27,46,7
27,48,11
27,57,12
27,60,16
27,62,20
27,63,1
27,64,6
27,65,3
27,67,16
27,70,2
27,71,11
27,72,3
27,73,16
27,74,10
27,75,9
27,81,13
27,85,11
27,90,8
27,94,2
27,95,18
27,97,1
27,101,4
27,104,12
27,105,6
27,106,7
27,107,10
27,109,1
27,111,11
27,112,18
27,114,10
27,115,10
27,117,9
27,118,10
27,122,14
27,124,3
27,125,14
27,128,5
28,29,5
28,30,11
28,31,15
28,33,15
28,37,7
28,40,7
28,43,3
28,45,2
28,49,8
28,50,18
28,51,15
28,58,19
28,59,14
28,60,7
28,61,17
28,62,4
28,64,9
28,69,8
28,76,20
28,81,2
28,82,2
28,84,17
28,85,20
28,87,9
28,91,17
28,92,17
28,93,1
28,94,6
28,95,5
28,99,5
28,102,10
28,103,8
28,105,18
28,106,4
28,110,16
28,112,9
28,115,13
28,117,8
28,118,14
28,121,4
28,124,4
28,125,7
28,127,10
29,31,4
29,32,18
29,37,11
29,44,20
29,45,5
29,46,7
29,47,8
29,48,13
29,50,3
29,52,17
29,54,13
29,55,6
29,56,14
29,60,5
29,68,19
29,74,6
29,75,7
29,76,6
29,77,10
29,80,15
29,87,11
29,88,16
29,92,4
29,96,6
29,99,15
29,100,5
29,101,10
29,102,4
29,104,14
29,108,3
29,113,18
29,117,3
29,121,10
29,122,15
29,126,1
29,128,17
30,31,19
30,33,13
30,34,17
30,38,15
30,39,11
30,45,14
30,48,12
30,54,4
30,60,4
30,63,5
30,66,15
30,68,7
30,71,9
30,72,18
30,80,2
30,84,1
30,96,16
30,97,13
30,99,17
30,100,14
30,104,1
30,106,5
30,107,2
30,108,1
30,109,1
30,114,7
30,116,6
30,117,8
30,119,12
30,121,5
31,38,7
31,41,4
31,42,6
31,43,8
31,50,4
31,55,13
31,57,5
31,61,15
31,65,19
31,70,5
31,75,20
31,76,10
31,80,12
31,81,6
31,82,20
31,83,8
31,84,13
31,85,4
31,86,15
31,87,11
31,95,19
31,98,6
31,105,9
31,107,16
31,108,4
31,119,5
31,122,1
31,124,1
31,125,5
31,127,14
31,129,8
32,33,17
32,37,15
32,38,15
32,39,13
32,40,12
32,42,17
32,45,10
32,46,14
32,49,9
32,50,16
32,55,10
32,57,3
32,60,14
32,61,10
32,65,4
32,70,2
32,71,1
32,76,19
32,77,2
32,79,2
32,80,16
32,83,1
32,89,19
32,90,8
32,93,12
32,95,4
32,97,18
32,98,16
32,102,12
32,107,18
32,109,8
32,111,16
32,113,8
32,117,10
32,124,17
32,127,15
32,129,5
33,35,16
33,37,14
33,44,2
33,48,14
33,50,8
33,52,10
33,54,18
33,64,8
33,67,5
33,69,9
33,70,15
33,71,3
33,77,18
33,79,8
33,83,17
33,84,20
33,88,8
33,92,17
33,93,7
33,94,2
33,96,20
33,99,2
33,100,10
33,104,13
33,108,3
33,109,19
33,110,17
33,114,1
33,117,18
33,119,1
33,121,14
33,124,20
33,125,6
33,127,15
33,128,11
33,129,10
34,45,6
34,46,9
34,50,6
34,53,1
34,54,4
34,56,15
34,65,17
34,68,6
34,76,9
34,78,14
34,79,2
34,85,14
34,86,10
34,87,14
34,88,11
34,90,1
34,91,11
34,93,19
34,94,7
34,96,2
34,97,4
34,98,3
34,100,8
34,101,2
34,107,12
34,108,15
34,113,15
34,114,7
34,117,9
34,121,8
34,127,6
34,128,20
34,129,17
35,37,17
35,38,9
35,39,14
35,41,18
35,42,15
35,43,20
35,44,1
35,46,18
35,47,19
35,49,2
35,51,12
35,54,4
35,57,18
35,61,19
35,62,17
35,64,16
35,68,3
35,70,7
35,79,1
35,81,10
35,84,11
35,87,17
35,88,2
35,90,5
35,98,8
35,99,11
35,100,9
35,104,3
35,108,10
35,113,14
35,115,19
35,116,12
35,118,1
35,120,6
35,121,10
35,122,20
35,123,2
35,124,2
35,129,1
36,39,17
36,42,8
36,43,11
36,47,13
36,48,16
36,50,12
36,52,5
36,55,8
36,60,10
36,61,19
36,62,4
36,63,16
36,64,9
36,68,12
36,71,9
36,72,18
36,77,17
36,78,4
36,81,14
36,87,8
36,89,8
36,90,8
36,92,7
36,93,16
36,95,7
36,96,2
36,99,16
36,104,7
36,107,12
36,110,19
36,113,11
36,120,13
36,121,3
36,122,15
36,124,10
36,127,17
36,128,18
37,39,12
37,41,11
37,42,17
37,43,3
37,45,4
37,46,9
37,48,14
37,51,13
37,52,5
37,54,4
37,55,9
37,56,9
37,59,8
37,60,1
37,68,19
37,69,3
37,71,20
37,72,18
37,78,9
37,81,17
37,83,15
37,88,5
37,89,11
37,92,4
37,93,15
37,94,4
37,95,4
37,98,13
37,100,9
37,105,5
37,110,18
37,111,3
37,117,17
37,118,17
37,123,8
37,124,16
37,125,19
37,126,12
37,127,4
37,129,9
38,40,19
38,42,15
38,43,18
38,49,14
38,51,4
38,54,20
38,59,8
38,61,1
38,62,16
38,65,7
38,67,18
38,69,14
38,70,20
38,71,20
38,73,17
38,75,14
38,79,3
38,80,20
38,81,11
38,83,5
38,85,6
38,86,6
38,88,1
38,93,18
38,96,13
38,97,20
38,99,14
38,101,3
38,103,18
38,109,19
38,110,6
38,114,17
38,115,4
38,117,4
38,120,18
38,123,7
38,124,11
38,125,14
38,128,10
38,129,1
39,41,15
39,42,19
39,43,11
39,52,13
39,53,13
39,60,11
39,62,18
39,63,6
39,64,5
39,66,8
39,69,13
39,74,15
39,75,8
39,78,3
39,80,15
39,81,14
39,85,16
39,86,9
39,87,11
39,90,10
39,92,10
39,93,6
39,94,11
39,97,7
39,99,8
39,103,3
39,104,20
39,108,20
39,115,6
39,116,20
39,117,6
39,118,10
39,120,5
39,122,9
39,123,17
39,125,17
39,126,3
39,127,10
40,42,7
40,43,7
40,47,20
40,48,5
40,54,3
40,57,7
40,58,10
40,59,7
40,61,11
40,64,1
40,65,10
40,68,3
40,70,16
40,71,12
40,74,9
40,76,3
40,77,12
40,79,8
40,84,2
40,88,7
40,93,1
40,97,14
40,99,2
40,103,11
40,105,11
40,106,3
40,111,12
40,122,15
40,123,19
40,125,2
40,127,10
41,44,2
41,45,9
41,46,20
41,47,16
41,48,11
41,55,12
41,56,9
41,60,4
41,62,17
41,63,6
41,65,13
41,66,3
41,67,9
41,68,5
41,69,9
41,73,1
41,86,9
41,87,8
41,91,14
41,97,16
41,98,7
41,103,20
41,107,2
41,109,9
41,111,7
41,115,17
41,118,4
41,119,3
41,120,19
41,121,3
41,122,10
41,124,11
41,126,6
41,127,2
41,129,20
42,47,3
42,51,14
42,53,9
42,54,10
42,55,7
42,57,18
42,62,12
42,67,17
42,69,16
42,71,1
42,72,17
42,75,19
42,78,6
42,85,20
42,87,6
42,92,7
42,96,4
42,98,1
42,101,7
42,102,3
42,104,14
42,108,18
42,109,16
42,113,19
42,114,20
42,116,10
42,117,10
42,118,7
42,119,7
42,121,2
42,122,14
42,124,11
43,48,4
43,49,4
43,50,17
43,51,6
43,52,19
43,53,10
43,58,20
43,61,17
43,64,13
43,65,8
43,67,8
43,68,14
43,69,2
43,72,6
43,79,2
43,81,5
43,85,11
43,86,8
43,88,13
43,93,20
43,94,9
43,96,1
43,105,1
43,114,6
43,115,11
43,119,8
43,121,12
43,123,19
43,127,17
43,128,20
43,129,16
44,48,7
44,49,14
44,51,3
44,57,19
44,60,4
44,61,18
44,65,14
44,66,2
44,70,19
44,71,3
44,72,12
44,76,20
44,77,7
44,79,20
44,81,6
44,82,3
44,84,18
44,86,4
44,87,19
44,88,4
44,90,11
44,91,6
44,92,8
44,96,6
44,100,13
44,103,4
44,106,7
44,108,2
44,110,7
44,114,20
44,115,10
44,118,6
44,123,5
44,124,14
44,125,15
44,126,15
44,129,10
45,46,16
45,48,14
45,50,7
45,51,9
45,53,16
45,61,4
45,63,3
45,69,15
45,72,2
45,75,1
45,76,16
45,77,17
45,80,18
45,84,9
45,86,10
45,89,20
45,91,13
45,92,12
45,95,2
45,97,4
45,98,4
45,100,17
45,101,3
45,102,10
45,107,1
45,109,16
45,110,16
45,117,10
45,120,5
45,121,19
45,127,8
46,48,10
46,51,4
46,52,4
46,56,9
46,58,15
46,62,6
46,63,5
46,64,12
46,65,12
46,68,10
46,70,18
46,73,13
46,74,2
46,75,1
46,76,11
46,86,2
46,90,12
46,94,11
46,95,14
46,96,17
46,100,10
46,102,6
46,105,20
46,106,1
46,107,18
46,110,14
46,111,7
46,120,6
46,123,3
46,128,5
46,129,3
47,51,10
47,53,19
47,54,5
47,55,19
47,56,1
47,58,18
47,61,10
47,63,16
47,65,15
47,68,3
47,69,20
47,72,10
47,76,8
47,79,7
47,80,7
47,81,10
47,82,12
47,85,10
47,93,4
47,94,17
47,95,11
47,106,17
47,109,9
47,110,3
47,112,6
47,113,9
47,114,10
47,115,7
47,116,4
47,117,1
47,119,12
47,122,12
47,123,9
47,129,16
48,49,12
48,51,14
48,57,9
48,61,15
48,63,2
48,64,6
48,68,19
48,69,12
48,70,18
48,73,8
48,74,4
48,77,10
48,78,3
48,79,7
48,81,1
48,82,5
48,85,12
48,86,15
48,89,20
48,92,2
48,95,20
48,100,16
48,101,12
48,102,8
48,104,9
48,105,4
48,109,7
48,110,1
48,112,20
48,113,15
48,114,16
48,117,3
48,118,3
48,119,8
48,122,5
48,124,14
48,125,16
48,126,10
48,128,18
49,50,7
49,52,11
49,53,10
49,55,6
49,57,12
49,58,17
49,59,20
49,61,6
49,65,13
49,67,1
49,68,13
49,70,6
49,72,12
49,74,19
49,75,6
49,77,14
49,79,20
49,81,17
49,86,4
49,87,4
49,88,10
49,89,5
49,91,13
49,92,12
49,94,7
49,96,3
49,101,2
49,104,13
49,105,13
49,106,6
49,107,11
49,109,10
49,111,2
49,113,3
49,114,14
49,116,9
49,117,11
49,118,7
49,121,1
49,122,1
49,123,12
49,124,11
49,125,10
49,126,20
49,127,18
50,52,16
50,55,7
50,57,13
50,58,13
50,62,4
50,63,9
50,69,17
50,71,10
50,75,18
50,78,15
50,80,18
50,81,10
50,83,13
50,86,4
50,91,8
50,92,11
50,93,16
50,95,20
50,98,9
50,100,16
50,102,2
50,105,7
50,106,9
50,107,20
50,110,6
50,111,15
50,113,12
50,115,14
50,116,3
50,118,10
50,121,18
50,123,20
50,125,18
50,127,12
50,129,14
51,52,2
51,53,20
51,55,9
51,57,15
51,60,19
51,66,14
51,67,13
51,68,5
51,70,8
51,71,14
51,74,7
51,77,6
51,78,5
51,79,18
51,80,14
51,84,20
51,88,9
51,89,3
51,95,11
51,98,8
51,99,5
51,107,15
51,109,1
51,110,12
51,112,1
51,113,12
51,114,10
51,115,4
51,116,8
51,117,18
51,124,4
51,128,4
51,129,8
52,53,5
52,56,3
52,57,18
52,61,9
52,64,15
52,66,6
52,67,19
52,68,7
52,70,12
52,72,9
52,73,9
52,74,13
52,77,8
52,78,9
52,79,14
52,81,2
52,83,6
52,85,14
52,93,4
52,97,16
52,99,7
52,101,13
52,108,19
52,112,8
52,115,3
52,120,15
52,123,3
52,124,5
52,125,14
52,126,13
52,127,13
52,128,1
53,54,6
53,56,18
53,57,11
53,61,6
53,65,1
53,67,15
53,68,14
53,69,18
53,72,11
53,75,13
53,76,19
53,78,9
53,82,20
53,83,14
53,88,17
53,90,11
53,91,10
53,92,14
53,94,11
53,96,14
53,101,15
53,104,19
53,105,18
53,107,2
53,108,19
53,109,13
53,110,8
53,113,4
53,119,19
53,121,13
53,125,3
54,59,16
54,60,17
54,62,6
54,63,15
54,64,18
54,65,15
54,66,17
54,67,11
54,68,1
54,73,4
54,74,8
54,75,3
54,77,17
54,79,11
54,80,12
54,82,19
54,84,2
54,86,7
54,87,1
54,89,2
54,92,9
54,95,6
54,98,4
54,99,6
54,103,17
54,104,9
54,106,11
54,108,20
54,110,1
54,122,13
54,123,6
54,127,18
54,128,10
55,65,10
55,69,4
55,70,20
55,74,4
55,76,14
55,77,14
55,78,20
55,79,7
55,80,8
55,84,20
55,87,17
55,92,12
55,93,7
55,94,5
55,95,13
55,97,10
55,99,15
55,101,6
55,103,6
55,107,1
55,109,20
55,111,9
55,112,14
55,113,19
55,114,4
55,115,14
55,117,7
55,118,8
55,123,1
56,58,7
56,59,3
56,61,12
56,62,12
56,64,15
56,74,15
56,77,9
56,83,10
56,85,15
56,88,19
56,89,13
56,90,6
56,93,19
56,97,4
56,98,2
56,104,7
56,108,11
56,111,7
56,114,13
56,115,17
56,116,16
56,120,5
56,122,17
56,126,19
56,127,11
57,58,14
57,59,11
57,65,9
57,67,10
57,68,5
57,70,2
57,78,11
57,79,18
57,80,4
57,81,9
57,82,3
57,86,19
57,87,19
57,89,15
57,91,20
57,92,8
57,93,14
57,99,1
57,102,6
57,106,11
57,109,15
57,111,13
57,113,15
57,114,14
57,115,9
57,120,11
57,122,7
57,124,4
57,127,2
57,128,12
58,60,13
58,61,11
58,64,16
58,67,11
58,68,19
58,70,10
58,72,17
58,73,20
58,77,15
58,81,18
58,83,10
58,85,11
58,86,12
58,91,13
58,93,12
58,95,11
58,98,2
58,101,3
58,102,4
58,110,2
58,113,3
58,114,20
58,116,9
58,117,16
58,118,6
58,126,17
58,127,20
58,128,4
59,60,17
59,61,2
59,66,8
59,69,9
59,70,17
59,71,7
59,72,1
59,74,16
59,76,12
59,77,14
59,78,10
59,79,18
59,85,16
59,86,16
59,87,19
59,92,4
59,101,13
59,103,15
59,104,13
59,106,19
59,110,7
59,111,19
59,116,4
59,118,11
59,119,3
59,120,19
59,122,17
60,63,12
60,65,5
60,66,2
60,70,20
60,73,11
60,76,9
60,77,10
60,81,12
60,86,20
60,88,20
60,93,13
60,94,17
60,96,9
60,97,9
60,101,7
60,104,9
60,105,15
60,107,15
60,108,10
60,109,7
60,111,2
60,112,3
60,113,5
60,116,20
60,118,5
60,124,19
60,129,12
61,65,2
61,69,20
61,72,9
61,73,3
61,74,19
61,79,11
61,84,8
61,88,7
61,89,20
61,92,2
61,93,4
61,95,12
61,96,18
61,100,17
61,102,16
61,105,6
61,107,2
61,109,5
61,117,19
61,118,8
61,120,11
61,121,19
61,124,18
61,125,6
61,127,14
61,128,19
62,66,14
62,70,11
62,75,4
62,77,9
62,78,6
62,79,8
62,82,19
62,83,16
62,85,10
62,87,16
62,89,15
62,91,2
62,97,15
62,100,16
62,102,13
62,106,1
62,107,10
62,109,19
62,110,12
62,111,17
62,114,1
62,116,10
62,119,1
62,121,6
62,122,15
62,127,19
62,128,1
63,68,15
63,71,16
63,72,2
63,73,11
63,74,10
63,75,18
63,76,10
63,78,11
63,80,18
63,85,19
63,86,1
63,89,18
63,93,15
63,94,3
63,96,7
63,102,6
63,106,14
63,110,18
63,111,10
63,112,10
63,113,13
63,115,4
63,117,14
63,119,5
63,121,6
63,126,8
64,65,3
64,68,20
64,70,17
64,72,9
64,73,4
64,77,3
64,78,15
64,81,2
64,82,17
64,84,2
64,88,18
64,90,20
64,92,17
64,93,5
64,95,12
64,96,2
64,103,17
64,106,17
64,108,4
64,111,20
64,117,7
64,122,20
64,123,13
64,124,6
64,127,7
65,66,5
65,68,2
65,72,5
65,80,2
65,87,20
65,88,10
65,90,14
65,94,11
65,100,5
65,101,2
65,102,4
65,103,13
65,105,2
65,110,12
65,112,11
65,113,11
65,114,3
65,116,11
65,117,16
65,121,17
65,129,5
66,67,14
66,68,5
66,71,8
66,72,13
66,74,12
66,76,6
66,78,5
66,79,16
66,87,12
66,89,10
66,90,2
66,91,6
66,93,13
66,97,1
66,100,11
66,101,15
66,103,5
66,106,8
66,111,14
66,113,19
66,114,12
66,116,4
66,117,20
66,119,20
66,121,7
66,123,6
66,124,9
66,125,14
66,127,7
67,68,9
67,69,15
67,71,17
67,72,20
67,73,2
67,76,13
67,84,2
67,87,20
67,90,18
67,93,12
67,95,13
67,96,1
67,97,13
67,98,10
67,101,14
67,109,11
67,113,11
67,116,11
67,122,13
67,125,12
67,129,20
68,74,17
68,77,15
68,79,3
68,80,18
68,83,18
68,85,7
68,88,12
68,90,15
68,91,19
68,94,17
68,95,8
68,96,19
68,97,8
68,98,5
68,100,16
68,102,1
68,108,16
68,110,8
68,111,5
68,113,11
68,114,2
68,115,12
68,118,14
68,120,10
68,121,4
68,122,20
68,125,7
68,128,15
69,71,5
69,72,16
69,75,15
69,79,13
69,83,20
69,84,7
69,85,7
69,87,17
69,95,17
69,97,4
69,98,4
69,99,14
69,102,15
69,104,8
69,109,13
69,110,20
69,112,16
69,114,15
69,118,3
69,121,1
69,124,10
70,73,11
70,75,10
70,76,16
70,81,17
70,82,12
70,86,19
70,88,12
70,89,6
70,90,20
70,91,3
70,92,2
70,93,3
70,94,9
70,96,3
70,99,15
70,101,4
70,104,10
70,105,15
70,107,11
70,108,2
70,109,18
70,112,11
70,115,2
70,116,1
70,120,2
70,121,1
70,123,1
70,126,13
71,73,15
71,74,14
71,77,16
71,79,1
71,81,1
71,82,5
71,83,14
71,84,2
71,88,18
71,89,11
71,93,20
71,94,1
71,95,6
71,96,16
71,97,14
71,98,6
71,100,6
71,104,12
71,106,17
71,109,17
71,110,2
71,116,9
71,117,5
71,119,6
71,121,10
71,123,12
71,125,16
71,128,2
71,129,14
72,74,13
72,78,8
72,79,7
72,84,8
72,87,19
72,103,11
72,105,1
72,107,1
72,108,9
72,114,12
72,119,19
72,123,16
72,125,8
72,126,15
73,75,4
73,77,12
73,78,6
73,80,11
73,81,12
73,84,13
73,87,3
73,88,10
73,91,18
73,92,14
73,93,8
73,94,17
73,97,20
73,104,17
73,105,16
73,110,9
73,113,10
73,115,3
73,117,5
73,118,2
73,119,6
73,121,11
73,125,20
73,126,2
73,128,8
73,129,19
74,78,14
74,79,9
74,80,5
74,83,15
74,86,5
74,89,14
74,95,2
74,97,19
74,100,1
74,106,5
74,107,1
74,108,8
74,109,18
74,112,18
74,113,10
74,114,10
74,121,13
74,123,17
74,125,6
74,126,9
74,129,8
75,76,8
75,82,12
75,84,10
75,85,8
75,88,17
75,89,5
75,91,17
75,92,3
75,95,10
75,98,3
75,99,1
75,100,11
75,103,8
75,105,20
75,107,5
75,108,14
75,110,18
75,111,17
75,112,1
75,113,17
75,120,9
75,121,16
75,124,4
75,126,18
75,127,20
75,128,14
75,129,3
76,77,13
76,78,4
76,79,7
76,80,4
76,82,19
76,84,10
76,85,5
76,91,8
76,95,2
76,100,4
76,101,1
76,108,6
76,109,20
76,115,3
76,119,13
76,120,15
76,124,3
76,125,12
76,126,19
76,127,5
76,128,10
76,129,15
77,78,20
77,81,17
77,82,10
77,84,11
77,85,13
77,86,18
77,91,8
77,95,3
77,97,17
77,98,17
77,103,13
77,107,12
77,108,9
77,109,6
77,122,19
77,125,7
78,79,19
78,82,18
78,83,8
78,84,13
78,89,1
78,92,5
78,95,13
78,97,7
78,105,4
78,106,17
78,107,3
78,110,6
78,113,16
78,116,4
78,117,19
78,119,15
78,120,1
78,126,8
78,127,2
78,128,7
79,82,17
79,83,14
79,85,19
79,86,5
79,95,17
79,97,10
79,98,16
79,100,14
79,101,9
79,103,18
79,105,10
79,106,12
79,107,9
79,109,7
79,111,10
79,114,15
79,116,9
79,119,11
79,120,9
79,125,2
79,126,5
80,82,11
80,84,2
80,85,12
80,86,13
80,89,3
80,91,2
80,93,11
80,94,19
80,95,3
80,100,20
80,102,19
80,103,10
80,104,3
80,105,2
80,108,18
80,109,2
80,110,15
80,111,9
80,112,11
80,115,1
80,120,19
80,121,20
80,126,14
80,129,13
81,83,13
81,84,2
81,85,1
81,86,19
81,88,16
81,89,15
81,91,4
81,93,3
81,97,12
81,98,10
81,99,9
81,102,3
81,104,12
81,107,19
81,109,18
81,115,8
81,116,2
81,119,8
81,120,16
81,121,16
81,123,20
81,125,14
81,126,1
81,127,6
82,83,19
82,85,12
82,89,12
82,90,11
82,93,17
82,95,11
82,97,1
82,98,19
82,103,19
82,105,9
82,108,2
82,112,19
82,116,17
82,118,20
82,120,18
82,121,14
82,127,9
82,128,1
83,84,1
83,86,5
83,88,3
83,90,4
83,91,7
83,94,4
83,95,15
83,96,18
83,97,1
83,98,19
83,99,20
83,103,19
83,106,11
83,109,10
83,116,1
83,117,12
83,118,4
83,122,9
83,124,2
84,86,15
84,89,19
84,92,4
84,96,19
84,116,20
84,117,2
84,118,18
84,120,12
84,123,19
84,126,4
84,128,1
85,93,7
85,94,9
85,96,12
85,99,15
85,101,1
85,103,18
85,107,16
85,110,20
85,112,10
85,114,3
85,116,14
85,117,2
85,118,1
85,121,6
85,124,17
85,125,3
85,126,9
85,127,6
86,87,16
86,92,7
86,96,19
86,98,13
86,99,1
86,103,8
86,111,12
86,114,4
86,115,20
86,119,8
86,124,19
86,125,20
86,127,11
87,90,2
87,92,17
87,94,6
87,95,12
87,96,12
87,97,1
87,104,19
87,105,11
87,106,18
87,107,9
87,108,11
87,111,2
87,113,14
87,114,6
87,116,19
87,119,13
87,121,7
87,122,14
87,123,13
87,126,18
87,129,9
88,90,4
88,92,14
88,93,5
88,95,13
88,100,16
88,102,18
88,104,17
88,107,2
88,110,18
88,112,7
88,117,15
88,118,11
88,119,12
88,126,11
88,127,17
88,128,14
89,90,12
89,92,4
89,97,19
89,98,19
89,99,2
89,100,11
89,102,11
89,103,11
89,104,13
89,111,3
89,116,13
89,117,8
89,119,14
89,125,11
89,126,15
89,128,8
89,129,10
90,91,7
90,94,18
90,98,15
90,101,9
90,106,7
90,109,9
90,110,5
90,112,10
90,115,1
90,116,20
90,120,19
90,121,1
90,122,18
90,123,19
90,124,14
90,126,3
90,129,9
91,92,17
91,95,12
91,96,1
91,99,12
91,100,7
91,101,10
91,102,10
91,103,9
91,107,11
91,108,1
91,109,5
91,110,14
91,111,8
91,114,1
91,120,3
91,121,2
91,122,4
91,125,2
91,127,6
91,128,16
91,129,19
92,93,20
92,95,20
92,96,9
92,97,16
92,101,14
92,103,1
92,105,16
92,109,3
92,110,6
92,111,4
92,114,18
92,116,20
92,118,1
92,119,14
92,120,16
92,125,4
92,127,8
92,128,1
93,95,19
93,100,13
93,101,14
93,102,14
93,105,18
93,107,13
93,109,5
93,112,9
93,113,5
93,115,2
93,116,10
93,117,18
93,120,11
93,122,2
93,124,3
93,125,2
93,126,8
93,127,2
93,128,2
94,101,5
94,108,3
94,111,4
94,114,2
94,116,16
94,117,9
94,119,12
94,120,3
94,122,20
94,129,14
95,100,10
95,103,19
95,104,12
95,110,17
95,113,11
95,116,12
95,117,20
95,118,8
95,120,5
95,126,14
95,128,17
96,100,15
96,101,11
96,102,16
96,104,3
96,107,16
96,111,12
96,112,13
96,116,15
96,117,11
96,118,7
96,119,14
96,124,5
96,126,5
97,98,19
97,102,13
97,103,16
97,106,2
97,108,18
97,109,12
97,111,11
97,112,4
97,114,5
97,115,10
97,117,13
97,120,13
97,127,10
98,100,9
98,102,20
98,103,12
98,107,18
98,108,19
98,112,18
98,113,13
98,115,13
98,119,10
98,123,19
98,128,5
99,100,10
99,101,2
99,104,16
99,105,16
99,110,2
99,111,20
99,112,17
99,113,8
99,115,15
99,116,3
99,117,14
99,119,16
99,120,18
99,122,8
99,125,16
99,126,14
99,127,8
99,129,8
100,101,5
100,107,1
100,109,11
100,111,14
100,113,15
100,115,7
100,119,8
100,122,5
100,124,20
100,126,6
100,128,12
100,129,12
101,102,6
101,103,6
101,104,9
101,105,12
101,106,10
101,107,7
101,108,7
101,109,7
101,110,15
101,113,6
101,114,20
101,115,11
101,118,7
101,120,8
101,124,2
101,127,6
101,128,8
101,129,7
102,104,19
102,107,4
102,111,5
102,112,1
102,114,18
102,115,10
102,124,13
102,127,1
103,105,7
103,108,16
103,109,14
103,111,5
103,112,6
103,113,4
103,117,6
103,123,3
103,124,14
103,127,16
103,128,10
104,105,5
104,106,9
104,115,6
104,116,2
104,118,8
104,119,16
104,120,17
104,121,15
104,122,16
104,123,13
104,124,17
104,126,6
104,128,5
105,106,7
105,109,3
105,110,18
105,111,16
105,113,17
105,116,1
105,117,16
105,121,7
105,123,13
105,124,7
105,125,13
105,126,3
105,127,18
105,129,5
106,108,1
106,111,14
106,112,8
106,114,10
106,118,9
106,119,11
106,121,12
106,124,2
106,128,8
107,109,6
107,110,20
107,112,6
107,114,16
107,116,17
107,117,12
107,123,8
107,124,17
108,109,8
108,111,16
108,115,3
108,116,12
108,118,14
108,121,1
108,124,10
108,125,13
108,127,7
108,128,9
108,129,13
109,111,10
109,112,14
109,121,11
109,122,16
109,123,20
109,124,3
109,125,13
110,111,20
110,114,11
110,118,9
110,122,13
110,123,3
110,124,10
110,127,5
110,128,11
111,112,18
111,114,10
111,118,18
111,119,6
111,120,18
111,122,4
111,128,14
112,113,4
112,115,20
112,117,18
112,122,13
112,123,8
112,124,8
112,126,11
113,115,18
113,118,3
113,119,19
113,120,19
113,121,20
113,123,19
113,126,17
113,128,18
114,115,1
114,120,17
114,121,1
114,122,11
114,123,14
114,125,6
114,126,12
114,129,8
115,117,14
115,118,17
115,121,15
115,122,19
115,127,4
115,129,19
116,117,6
116,118,16
116,120,4
116,121,2
116,125,3
116,126,3
116,128,1
117,119,17
117,121,5
117,123,14
118,123,4
118,124,18
118,127,9
119,121,9
119,123,18
119,124,10
119,125,4
119,126,2
119,127,18
119,128,3
120,121,2
120,128,6
121,123,11
121,127,11
122,124,10
122,125,13
122,126,19
122,127,14
122,128,20
123,124,13
123,125,6
123,129,6
124,126,16
125,127,11
125,129,12
126,127,13
126,128,11
126,129,13
127,128,2
